768 560 2538
32 0 0 0 0 4 0 0
97 0 0 5 7 5 0 -1
98 12 0 5 9 5 0 -1
99 24 0 5 7 5 0 -1
100 36 0 5 9 5 0 -1
101 48 0 5 7 5 0 -1
102 60 0 5 9 5 0 -1
103 72 0 5 8 5 0 -2
104 84 0 5 9 5 0 -1
105 96 0 3 9 3 0 -1
106 108 0 3 10 3 0 -2
107 120 0 5 9 5 0 -1
108 132 0 3 9 3 0 -1
109 144 0 8 7 8 0 -1
110 156 0 5 7 5 0 -1
111 168 0 5 7 5 0 -1
112 180 0 5 8 5 0 -2
113 192 0 5 8 5 0 -2
114 204 0 5 7 5 0 -1
115 216 0 5 7 5 0 -1
116 228 0 4 9 4 0 -1
117 240 0 5 7 5 0 -1
118 252 0 6 7 6 0 -1
119 264 0 8 7 8 0 -1
120 276 0 6 7 6 0 -1
121 288 0 5 8 5 0 -2
122 300 0 5 7 5 0 -1
65 312 0 6 9 6 0 -1
66 324 0 6 9 6 0 -1
67 336 0 6 9 6 0 -1
68 348 0 6 9 6 0 -1
69 360 0 5 9 5 0 -1
70 372 0 5 9 5 0 -1
71 384 0 6 9 6 0 -1
72 396 0 6 9 6 0 -1
73 408 0 4 9 4 0 -1
74 420 0 6 9 6 0 -1
75 432 0 6 9 6 0 -1
76 444 0 5 9 5 0 -1
77 456 0 8 9 8 0 -1
78 468 0 6 9 6 0 -1
79 480 0 6 9 6 0 -1
80 492 0 6 9 6 0 -1
81 504 0 6 10 6 0 -2
82 516 0 6 9 6 0 -1
83 528 0 6 9 6 0 -1
84 540 0 6 9 6 0 -1
85 552 0 6 9 6 0 -1
86 564 0 6 9 6 0 -1
87 576 0 10 9 10 0 -1
88 588 0 6 9 6 0 -1
89 600 0 6 9 6 0 -1
90 612 0 6 9 6 0 -1
49 624 0 3 9 3 0 -1
50 636 0 6 9 6 0 -1
51 648 0 6 9 6 0 -1
52 660 0 6 9 6 0 -1
53 672 0 6 9 6 0 -1
54 684 0 6 9 6 0 -1
55 696 0 6 9 6 0 -1
56 708 0 6 9 6 0 -1
57 720 0 6 9 6 0 -1
48 732 0 6 9 6 0 -1
58 744 0 2 6 2 0 -1
43 756 0 6 6 6 0 0
45 0 14 5 2 5 0 2
44 12 14 3 4 3 0 -2
46 24 14 2 2 2 0 -1
161 36 14 4 9 4 0 -2
33 48 14 4 9 4 0 -1
191 60 14 6 8 6 0 -2
63 72 14 6 9 6 0 -1
8216 84 14 3 3 3 0 5
8217 96 14 3 3 3 0 5
8220 108 14 6 3 6 0 5
8221 120 14 6 3 6 0 5
9794 132 14 8 8 8 0 0
9792 144 14 6 9 6 0 -1
95 156 14 10 3 10 0 -2
224 168 14 6 9 6 0 -1
225 180 14 6 9 6 0 -1
226 192 14 6 9 6 0 -1
227 204 14 6 9 6 0 -1
228 216 14 6 9 6 0 -1
229 228 14 6 9 6 0 -1
230 240 14 7 6 7 0 -1
231 252 14 6 8 6 0 -2
232 264 14 6 9 6 0 -1
233 276 14 6 9 6 0 -1
234 288 14 6 9 6 0 -1
235 300 14 6 9 6 0 -1
236 312 14 4 9 4 0 -1
237 324 14 4 9 4 0 -1
238 336 14 4 9 4 0 -1
239 348 14 4 9 4 0 -1
240 360 14 6 9 6 0 -1
241 372 14 6 9 6 0 -1
242 384 14 6 9 6 0 -1
243 396 14 6 9 6 0 -1
244 408 14 6 9 6 0 -1
245 420 14 6 9 6 0 -1
246 432 14 6 9 6 0 -1
248 444 14 6 8 6 0 -2
339 456 14 8 6 8 0 -1
353 468 14 6 9 6 0 -1
254 480 14 6 9 6 0 -1
249 492 14 6 9 6 0 -1
250 504 14 6 9 6 0 -1
251 516 14 6 9 6 0 -1
252 528 14 6 9 6 0 -1
253 540 14 5 10 5 0 -2
255 552 14 5 10 5 0 -2
382 564 14 5 9 5 0 -1
192 576 14 8 9 8 0 -1
193 588 14 8 9 8 0 -1
194 600 14 8 9 8 0 -1
195 612 14 8 9 8 0 -1
196 624 14 8 9 8 0 -1
197 636 14 8 9 8 0 -1
198 648 14 8 8 8 0 -1
199 660 14 8 10 8 0 -2
200 672 14 7 9 7 0 -1
201 684 14 7 9 7 0 -1
202 696 14 7 9 7 0 -1
203 708 14 7 9 7 0 -1
204 720 14 4 9 4 0 -1
205 732 14 4 9 4 0 -1
206 744 14 4 9 4 0 -1
207 756 14 4 9 4 0 -1
208 0 28 7 8 7 0 -1
209 12 28 7 9 7 0 -1
210 24 28 7 9 7 0 -1
211 36 28 7 9 7 0 -1
212 48 28 7 9 7 0 -1
213 60 28 7 9 7 0 -1
214 72 28 7 9 7 0 -1
216 84 28 8 10 8 0 -2
338 96 28 8 8 8 0 -1
352 108 28 7 9 7 0 -1
222 120 28 7 9 7 0 -1
217 132 28 8 9 8 0 -1
218 144 28 8 9 8 0 -1
219 156 28 8 9 8 0 -1
220 168 28 8 9 8 0 -1
221 180 28 6 9 6 0 -1
376 192 28 6 9 6 0 -1
381 204 28 7 9 7 0 -1
223 216 28 7 9 7 0 -1
8230 228 28 9 3 9 0 -1
40 240 28 4 10 4 0 -2
41 252 28 4 10 4 0 -2
47 264 28 5 9 5 0 -1
183 276 28 3 3 3 0 1
8212 288 28 8 2 8 0 2
61 300 28 5 4 5 0 1
37 312 28 5 5 5 0 1
44032 324 28 11 11 11 0 -2
44033 336 28 11 11 11 0 -2
44036 348 28 11 11 11 0 -2
44039 360 28 11 11 11 0 -2
44040 372 28 11 11 11 0 -2
44041 384 28 11 11 11 0 -2
44042 396 28 11 11 11 0 -2
44048 408 28 11 11 11 0 -2
44049 420 28 11 11 11 0 -2
44050 432 28 11 11 11 0 -2
44051 444 28 11 11 11 0 -2
44052 456 28 11 11 11 0 -2
44053 468 28 11 11 11 0 -2
44054 480 28 11 11 11 0 -2
44055 492 28 11 11 11 0 -2
44057 504 28 11 11 11 0 -2
44058 516 28 11 11 11 0 -2
44059 528 28 11 11 11 0 -2
44060 540 28 11 11 11 0 -2
44061 552 28 11 11 11 0 -2
44064 564 28 11 11 11 0 -2
44068 576 28 11 11 11 0 -2
44076 588 28 11 11 11 0 -2
44077 600 28 11 11 11 0 -2
44079 612 28 11 11 11 0 -2
44080 624 28 11 11 11 0 -2
44081 636 28 11 11 11 0 -2
44088 648 28 11 11 11 0 -2
44089 660 28 11 11 11 0 -2
44092 672 28 11 11 11 0 -2
44096 684 28 11 11 11 0 -2
44107 696 28 11 11 11 0 -2
44109 708 28 11 11 11 0 -2
44116 720 28 11 11 11 0 -2
44120 732 28 11 11 11 0 -2
44124 744 28 11 11 11 0 -2
44144 756 28 11 11 11 0 -2
44145 0 42 11 11 11 0 -2
44148 12 42 11 11 11 0 -2
44151 24 42 11 11 11 0 -2
44152 36 42 11 11 11 0 -2
44154 48 42 11 11 11 0 -2
44160 60 42 11 11 11 0 -2
44161 72 42 11 11 11 0 -2
44163 84 42 11 11 11 0 -2
44164 96 42 11 11 11 0 -2
44165 108 42 11 11 11 0 -2
44166 120 42 11 11 11 0 -2
44169 132 42 11 11 11 0 -2
44170 144 42 11 11 11 0 -2
44171 156 42 11 11 11 0 -2
44172 168 42 11 11 11 0 -2
44176 180 42 11 11 11 0 -2
44180 192 42 11 11 11 0 -2
44188 204 42 11 11 11 0 -2
44189 216 42 11 11 11 0 -2
44191 228 42 11 11 11 0 -2
44192 240 42 11 11 11 0 -2
44193 252 42 11 11 11 0 -2
44200 264 42 11 11 11 0 -2
44201 276 42 11 11 11 0 -2
44202 288 42 11 11 11 0 -2
44204 300 42 11 11 11 0 -2
44207 312 42 11 11 11 0 -2
44208 324 42 11 11 11 0 -2
44216 336 42 11 11 11 0 -2
44217 348 42 11 11 11 0 -2
44219 360 42 11 11 11 0 -2
44220 372 42 11 11 11 0 -2
44221 384 42 11 11 11 0 -2
44225 396 42 11 11 11 0 -2
44228 408 42 11 11 11 0 -2
44232 420 42 11 11 11 0 -2
44236 432 42 11 11 11 0 -2
44245 444 42 11 11 11 0 -2
44247 456 42 11 11 11 0 -2
44256 468 42 11 11 11 0 -2
44257 480 42 11 11 11 0 -2
44260 492 42 11 11 11 0 -2
44263 504 42 11 11 11 0 -2
44264 516 42 11 11 11 0 -2
44266 528 42 11 11 11 0 -2
44268 540 42 11 11 11 0 -2
44271 552 42 11 11 11 0 -2
44272 564 42 11 11 11 0 -2
44273 576 42 11 11 11 0 -2
44275 588 42 11 11 11 0 -2
44277 600 42 11 11 11 0 -2
44278 612 42 11 11 11 0 -2
44284 624 42 11 11 11 0 -2
44285 636 42 11 11 11 0 -2
44288 648 42 11 11 11 0 -2
44292 660 42 11 11 11 0 -2
44294 672 42 11 11 11 0 -2
44300 684 42 11 11 11 0 -2
44301 696 42 11 11 11 0 -2
44303 708 42 11 11 11 0 -2
44305 720 42 11 11 11 0 -2
44312 732 42 11 11 11 0 -2
44316 744 42 11 11 11 0 -2
44320 756 42 11 11 11 0 -2
44329 0 56 11 11 11 0 -2
44332 12 56 11 11 11 0 -2
44333 24 56 11 11 11 0 -2
44340 36 56 11 11 11 0 -2
44341 48 56 11 11 11 0 -2
44344 60 56 11 11 11 0 -2
44348 72 56 11 11 11 0 -2
44356 84 56 11 11 11 0 -2
44357 96 56 11 11 11 0 -2
44359 108 56 11 11 11 0 -2
44361 120 56 11 11 11 0 -2
44368 132 56 11 11 11 0 -2
44372 144 56 11 11 11 0 -2
44376 156 56 11 11 11 0 -2
44385 168 56 11 11 11 0 -2
44387 180 56 11 11 11 0 -2
44396 192 56 11 11 11 0 -2
44397 204 56 11 11 11 0 -2
44400 216 56 11 11 11 0 -2
44403 228 56 11 11 11 0 -2
44404 240 56 11 11 11 0 -2
44405 252 56 11 11 11 0 -2
44406 264 56 11 11 11 0 -2
44411 276 56 11 11 11 0 -2
44412 288 56 11 11 11 0 -2
44413 300 56 11 11 11 0 -2
44415 312 56 11 11 11 0 -2
44417 324 56 11 11 11 0 -2
44418 336 56 11 11 11 0 -2
44424 348 56 11 11 11 0 -2
44425 360 56 11 11 11 0 -2
44428 372 56 11 11 11 0 -2
44432 384 56 11 11 11 0 -2
44444 396 56 11 11 11 0 -2
44445 408 56 11 11 11 0 -2
44452 420 56 11 11 11 0 -2
44471 432 56 11 11 11 0 -2
44480 444 56 11 11 11 0 -2
44481 456 56 11 11 11 0 -2
44484 468 56 11 11 11 0 -2
44488 480 56 11 11 11 0 -2
44496 492 56 11 11 11 0 -2
44497 504 56 11 11 11 0 -2
44499 516 56 11 11 11 0 -2
44508 528 56 11 11 11 0 -2
44512 540 56 11 11 11 0 -2
44516 552 56 11 11 11 0 -2
44536 564 56 11 11 11 0 -2
44537 576 56 11 11 11 0 -2
44540 588 56 11 11 11 0 -2
44543 600 56 11 11 11 0 -2
44544 612 56 11 11 11 0 -2
44545 624 56 11 11 11 0 -2
44552 636 56 11 11 11 0 -2
44553 648 56 11 11 11 0 -2
44555 660 56 11 11 11 0 -2
44557 672 56 11 11 11 0 -2
44564 684 56 11 11 11 0 -2
44592 696 56 11 11 11 0 -2
44593 708 56 11 11 11 0 -2
44596 720 56 11 11 11 0 -2
44599 732 56 11 11 11 0 -2
44600 744 56 11 11 11 0 -2
44602 756 56 11 11 11 0 -2
44608 0 70 11 11 11 0 -2
44609 12 70 11 11 11 0 -2
44611 24 70 11 11 11 0 -2
44613 36 70 11 11 11 0 -2
44614 48 70 11 11 11 0 -2
44618 60 70 11 11 11 0 -2
44620 72 70 11 11 11 0 -2
44621 84 70 11 11 11 0 -2
44622 96 70 11 11 11 0 -2
44624 108 70 11 11 11 0 -2
44628 120 70 11 11 11 0 -2
44630 132 70 11 11 11 0 -2
44636 144 70 11 11 11 0 -2
44637 156 70 11 11 11 0 -2
44639 168 70 11 11 11 0 -2
44640 180 70 11 11 11 0 -2
44641 192 70 11 11 11 0 -2
44645 204 70 11 11 11 0 -2
44648 216 70 11 11 11 0 -2
44649 228 70 11 11 11 0 -2
44652 240 70 11 11 11 0 -2
44656 252 70 11 11 11 0 -2
44664 264 70 11 11 11 0 -2
44665 276 70 11 11 11 0 -2
44667 288 70 11 11 11 0 -2
44668 300 70 11 11 11 0 -2
44669 312 70 11 11 11 0 -2
44676 324 70 11 11 11 0 -2
44677 336 70 11 11 11 0 -2
44684 348 70 11 11 11 0 -2
44732 360 70 11 11 11 0 -2
44733 372 70 11 11 11 0 -2
44734 384 70 11 11 11 0 -2
44736 396 70 11 11 11 0 -2
44740 408 70 11 11 11 0 -2
44748 420 70 11 11 11 0 -2
44749 432 70 11 11 11 0 -2
44751 444 70 11 11 11 0 -2
44752 456 70 11 11 11 0 -2
44753 468 70 11 11 11 0 -2
44760 480 70 11 11 11 0 -2
44761 492 70 11 11 11 0 -2
44764 504 70 11 11 11 0 -2
44776 516 70 11 11 11 0 -2
44779 528 70 11 11 11 0 -2
44781 540 70 11 11 11 0 -2
44788 552 70 11 11 11 0 -2
44792 564 70 11 11 11 0 -2
44796 576 70 11 11 11 0 -2
44807 588 70 11 11 11 0 -2
44808 600 70 11 11 11 0 -2
44813 612 70 11 11 11 0 -2
44816 624 70 11 11 11 0 -2
44844 636 70 11 11 11 0 -2
44845 648 70 11 11 11 0 -2
44848 660 70 11 11 11 0 -2
44850 672 70 11 11 11 0 -2
44852 684 70 11 11 11 0 -2
44860 696 70 11 11 11 0 -2
44861 708 70 11 11 11 0 -2
44863 720 70 11 11 11 0 -2
44865 732 70 11 11 11 0 -2
44866 744 70 11 11 11 0 -2
44867 756 70 11 11 11 0 -2
44872 0 84 11 11 11 0 -2
44873 12 84 11 11 11 0 -2
44880 24 84 11 11 11 0 -2
44892 36 84 11 11 11 0 -2
44893 48 84 11 11 11 0 -2
44900 60 84 11 11 11 0 -2
44901 72 84 11 11 11 0 -2
44921 84 84 11 11 11 0 -2
44928 96 84 11 11 11 0 -2
44932 108 84 11 11 11 0 -2
44936 120 84 11 11 11 0 -2
44944 132 84 11 11 11 0 -2
44945 144 84 11 11 11 0 -2
44949 156 84 11 11 11 0 -2
44956 168 84 11 11 11 0 -2
44984 180 84 11 11 11 0 -2
44985 192 84 11 11 11 0 -2
44988 204 84 11 11 11 0 -2
44992 216 84 11 11 11 0 -2
44999 228 84 11 11 11 0 -2
45000 240 84 11 11 11 0 -2
45001 252 84 11 11 11 0 -2
45003 264 84 11 11 11 0 -2
45005 276 84 11 11 11 0 -2
45006 288 84 11 11 11 0 -2
45012 300 84 11 11 11 0 -2
45020 312 84 11 11 11 0 -2
45032 324 84 11 11 11 0 -2
45033 336 84 11 11 11 0 -2
45040 348 84 11 11 11 0 -2
45041 360 84 11 11 11 0 -2
45044 372 84 11 11 11 0 -2
45048 384 84 11 11 11 0 -2
45056 396 84 11 11 11 0 -2
45057 408 84 11 11 11 0 -2
45060 420 84 11 11 11 0 -2
45068 432 84 11 11 11 0 -2
45072 444 84 11 11 11 0 -2
45076 456 84 11 11 11 0 -2
45084 468 84 11 11 11 0 -2
45085 480 84 11 11 11 0 -2
45096 492 84 11 11 11 0 -2
45124 504 84 11 11 11 0 -2
45125 516 84 11 11 11 0 -2
45128 528 84 11 11 11 0 -2
45130 540 84 11 11 11 0 -2
45132 552 84 11 11 11 0 -2
45134 564 84 11 11 11 0 -2
45139 576 84 11 11 11 0 -2
45140 588 84 11 11 11 0 -2
45141 600 84 11 11 11 0 -2
45143 612 84 11 11 11 0 -2
45145 624 84 11 11 11 0 -2
45149 636 84 11 11 11 0 -2
45180 648 84 11 11 11 0 -2
45181 660 84 11 11 11 0 -2
45184 672 84 11 11 11 0 -2
45188 684 84 11 11 11 0 -2
45196 696 84 11 11 11 0 -2
45197 708 84 11 11 11 0 -2
45199 720 84 11 11 11 0 -2
45201 732 84 11 11 11 0 -2
45208 744 84 11 11 11 0 -2
45209 756 84 11 11 11 0 -2
45210 0 98 11 11 11 0 -2
45212 12 98 11 11 11 0 -2
45215 24 98 11 11 11 0 -2
45216 36 98 11 11 11 0 -2
45217 48 98 11 11 11 0 -2
45218 60 98 11 11 11 0 -2
45224 72 98 11 11 11 0 -2
45225 84 98 11 11 11 0 -2
45227 96 98 11 11 11 0 -2
45228 108 98 11 11 11 0 -2
45229 120 98 11 11 11 0 -2
45230 132 98 11 11 11 0 -2
45231 144 98 11 11 11 0 -2
45233 156 98 11 11 11 0 -2
45235 168 98 11 11 11 0 -2
45236 180 98 11 11 11 0 -2
45237 192 98 11 11 11 0 -2
45240 204 98 11 11 11 0 -2
45244 216 98 11 11 11 0 -2
45252 228 98 11 11 11 0 -2
45253 240 98 11 11 11 0 -2
45255 252 98 11 11 11 0 -2
45256 264 98 11 11 11 0 -2
45257 276 98 11 11 11 0 -2
45264 288 98 11 11 11 0 -2
45265 300 98 11 11 11 0 -2
45268 312 98 11 11 11 0 -2
45272 324 98 11 11 11 0 -2
45280 336 98 11 11 11 0 -2
45285 348 98 11 11 11 0 -2
45320 360 98 11 11 11 0 -2
45321 372 98 11 11 11 0 -2
45323 384 98 11 11 11 0 -2
45324 396 98 11 11 11 0 -2
45328 408 98 11 11 11 0 -2
45330 420 98 11 11 11 0 -2
45331 432 98 11 11 11 0 -2
45336 444 98 11 11 11 0 -2
45337 456 98 11 11 11 0 -2
45339 468 98 11 11 11 0 -2
45340 480 98 11 11 11 0 -2
45341 492 98 11 11 11 0 -2
45347 504 98 11 11 11 0 -2
45348 516 98 11 11 11 0 -2
45349 528 98 11 11 11 0 -2
45352 540 98 11 11 11 0 -2
45356 552 98 11 11 11 0 -2
45364 564 98 11 11 11 0 -2
45365 576 98 11 11 11 0 -2
45367 588 98 11 11 11 0 -2
45368 600 98 11 11 11 0 -2
45369 612 98 11 11 11 0 -2
45376 624 98 11 11 11 0 -2
45377 636 98 11 11 11 0 -2
45380 648 98 11 11 11 0 -2
45384 660 98 11 11 11 0 -2
45392 672 98 11 11 11 0 -2
45393 684 98 11 11 11 0 -2
45396 696 98 11 11 11 0 -2
45397 708 98 11 11 11 0 -2
45400 720 98 11 11 11 0 -2
45404 732 98 11 11 11 0 -2
45408 744 98 11 11 11 0 -2
45432 756 98 11 11 11 0 -2
45433 0 112 11 11 11 0 -2
45436 12 112 11 11 11 0 -2
45440 24 112 11 11 11 0 -2
45442 36 112 11 11 11 0 -2
45448 48 112 11 11 11 0 -2
45449 60 112 11 11 11 0 -2
45451 72 112 11 11 11 0 -2
45453 84 112 11 11 11 0 -2
45458 96 112 11 11 11 0 -2
45459 108 112 11 11 11 0 -2
45460 120 112 11 11 11 0 -2
45464 132 112 11 11 11 0 -2
45468 144 112 11 11 11 0 -2
45480 156 112 11 11 11 0 -2
45516 168 112 11 11 11 0 -2
45520 180 112 11 11 11 0 -2
45524 192 112 11 11 11 0 -2
45532 204 112 11 11 11 0 -2
45533 216 112 11 11 11 0 -2
45535 228 112 11 11 11 0 -2
45544 240 112 11 11 11 0 -2
45545 252 112 11 11 11 0 -2
45548 264 112 11 11 11 0 -2
45552 276 112 11 11 11 0 -2
45561 288 112 11 11 11 0 -2
45563 300 112 11 11 11 0 -2
45565 312 112 11 11 11 0 -2
45572 324 112 11 11 11 0 -2
45573 336 112 11 11 11 0 -2
45576 348 112 11 11 11 0 -2
45579 360 112 11 11 11 0 -2
45580 372 112 11 11 11 0 -2
45588 384 112 11 11 11 0 -2
45589 396 112 11 11 11 0 -2
45591 408 112 11 11 11 0 -2
45593 420 112 11 11 11 0 -2
45600 432 112 11 11 11 0 -2
45620 444 112 11 11 11 0 -2
45628 456 112 11 11 11 0 -2
45656 468 112 11 11 11 0 -2
45660 480 112 11 11 11 0 -2
45664 492 112 11 11 11 0 -2
45672 504 112 11 11 11 0 -2
45673 516 112 11 11 11 0 -2
45684 528 112 11 11 11 0 -2
45685 540 112 11 11 11 0 -2
45692 552 112 11 11 11 0 -2
45700 564 112 11 11 11 0 -2
45701 576 112 11 11 11 0 -2
45705 588 112 11 11 11 0 -2
45712 600 112 11 11 11 0 -2
45713 612 112 11 11 11 0 -2
45716 624 112 11 11 11 0 -2
45720 636 112 11 11 11 0 -2
45721 648 112 11 11 11 0 -2
45722 660 112 11 11 11 0 -2
45728 672 112 11 11 11 0 -2
45729 684 112 11 11 11 0 -2
45731 696 112 11 11 11 0 -2
45733 708 112 11 11 11 0 -2
45734 720 112 11 11 11 0 -2
45738 732 112 11 11 11 0 -2
45740 744 112 11 11 11 0 -2
45744 756 112 11 11 11 0 -2
45748 0 126 11 11 11 0 -2
45768 12 126 11 11 11 0 -2
45769 24 126 11 11 11 0 -2
45772 36 126 11 11 11 0 -2
45776 48 126 11 11 11 0 -2
45778 60 126 11 11 11 0 -2
45784 72 126 11 11 11 0 -2
45785 84 126 11 11 11 0 -2
45787 96 126 11 11 11 0 -2
45789 108 126 11 11 11 0 -2
45794 120 126 11 11 11 0 -2
45796 132 126 11 11 11 0 -2
45797 144 126 11 11 11 0 -2
45798 156 126 11 11 11 0 -2
45800 168 126 11 11 11 0 -2
45803 180 126 11 11 11 0 -2
45804 192 126 11 11 11 0 -2
45805 204 126 11 11 11 0 -2
45806 216 126 11 11 11 0 -2
45807 228 126 11 11 11 0 -2
45811 240 126 11 11 11 0 -2
45812 252 126 11 11 11 0 -2
45813 264 126 11 11 11 0 -2
45815 276 126 11 11 11 0 -2
45816 288 126 11 11 11 0 -2
45817 300 126 11 11 11 0 -2
45818 312 126 11 11 11 0 -2
45819 324 126 11 11 11 0 -2
45823 336 126 11 11 11 0 -2
45824 348 126 11 11 11 0 -2
45825 360 126 11 11 11 0 -2
45828 372 126 11 11 11 0 -2
45832 384 126 11 11 11 0 -2
45840 396 126 11 11 11 0 -2
45841 408 126 11 11 11 0 -2
45843 420 126 11 11 11 0 -2
45844 432 126 11 11 11 0 -2
45845 444 126 11 11 11 0 -2
45852 456 126 11 11 11 0 -2
45908 468 126 11 11 11 0 -2
45909 480 126 11 11 11 0 -2
45910 492 126 11 11 11 0 -2
45912 504 126 11 11 11 0 -2
45915 516 126 11 11 11 0 -2
45916 528 126 11 11 11 0 -2
45918 540 126 11 11 11 0 -2
45919 552 126 11 11 11 0 -2
45924 564 126 11 11 11 0 -2
45925 576 126 11 11 11 0 -2
45927 588 126 11 11 11 0 -2
45929 600 126 11 11 11 0 -2
45931 612 126 11 11 11 0 -2
45934 624 126 11 11 11 0 -2
45936 636 126 11 11 11 0 -2
45937 648 126 11 11 11 0 -2
45940 660 126 11 11 11 0 -2
45944 672 126 11 11 11 0 -2
45952 684 126 11 11 11 0 -2
45953 696 126 11 11 11 0 -2
45955 708 126 11 11 11 0 -2
45956 720 126 11 11 11 0 -2
45957 732 126 11 11 11 0 -2
45964 744 126 11 11 11 0 -2
45968 756 126 11 11 11 0 -2
45972 0 140 11 11 11 0 -2
45984 12 140 11 11 11 0 -2
45985 24 140 11 11 11 0 -2
45992 36 140 11 11 11 0 -2
45996 48 140 11 11 11 0 -2
46020 60 140 11 11 11 0 -2
46021 72 140 11 11 11 0 -2
46024 84 140 11 11 11 0 -2
46027 96 140 11 11 11 0 -2
46028 108 140 11 11 11 0 -2
46030 120 140 11 11 11 0 -2
46032 132 140 11 11 11 0 -2
46036 144 140 11 11 11 0 -2
46037 156 140 11 11 11 0 -2
46039 168 140 11 11 11 0 -2
46041 180 140 11 11 11 0 -2
46043 192 140 11 11 11 0 -2
46045 204 140 11 11 11 0 -2
46048 216 140 11 11 11 0 -2
46052 228 140 11 11 11 0 -2
46056 240 140 11 11 11 0 -2
46076 252 140 11 11 11 0 -2
46096 264 140 11 11 11 0 -2
46104 276 140 11 11 11 0 -2
46108 288 140 11 11 11 0 -2
46112 300 140 11 11 11 0 -2
46120 312 140 11 11 11 0 -2
46121 324 140 11 11 11 0 -2
46123 336 140 11 11 11 0 -2
46132 348 140 11 11 11 0 -2
46160 360 140 11 11 11 0 -2
46161 372 140 11 11 11 0 -2
46164 384 140 11 11 11 0 -2
46168 396 140 11 11 11 0 -2
46176 408 140 11 11 11 0 -2
46177 420 140 11 11 11 0 -2
46179 432 140 11 11 11 0 -2
46181 444 140 11 11 11 0 -2
46188 456 140 11 11 11 0 -2
46208 468 140 11 11 11 0 -2
46216 480 140 11 11 11 0 -2
46237 492 140 11 11 11 0 -2
46244 504 140 11 11 11 0 -2
46248 516 140 11 11 11 0 -2
46252 528 140 11 11 11 0 -2
46261 540 140 11 11 11 0 -2
46263 552 140 11 11 11 0 -2
46265 564 140 11 11 11 0 -2
46272 576 140 11 11 11 0 -2
46276 588 140 11 11 11 0 -2
46280 600 140 11 11 11 0 -2
46288 612 140 11 11 11 0 -2
46293 624 140 11 11 11 0 -2
46300 636 140 11 11 11 0 -2
46301 648 140 11 11 11 0 -2
46304 660 140 11 11 11 0 -2
46307 672 140 11 11 11 0 -2
46308 684 140 11 11 11 0 -2
46310 696 140 11 11 11 0 -2
46316 708 140 11 11 11 0 -2
46317 720 140 11 11 11 0 -2
46319 732 140 11 11 11 0 -2
46321 744 140 11 11 11 0 -2
46328 756 140 11 11 11 0 -2
46356 0 154 11 11 11 0 -2
46357 12 154 11 11 11 0 -2
46360 24 154 11 11 11 0 -2
46363 36 154 11 11 11 0 -2
46364 48 154 11 11 11 0 -2
46372 60 154 11 11 11 0 -2
46373 72 154 11 11 11 0 -2
46375 84 154 11 11 11 0 -2
46376 96 154 11 11 11 0 -2
46377 108 154 11 11 11 0 -2
46378 120 154 11 11 11 0 -2
46384 132 154 11 11 11 0 -2
46385 144 154 11 11 11 0 -2
46388 156 154 11 11 11 0 -2
46392 168 154 11 11 11 0 -2
46400 180 154 11 11 11 0 -2
46401 192 154 11 11 11 0 -2
46403 204 154 11 11 11 0 -2
46404 216 154 11 11 11 0 -2
46405 228 154 11 11 11 0 -2
46411 240 154 11 11 11 0 -2
46412 252 154 11 11 11 0 -2
46413 264 154 11 11 11 0 -2
46416 276 154 11 11 11 0 -2
46420 288 154 11 11 11 0 -2
46428 300 154 11 11 11 0 -2
46429 312 154 11 11 11 0 -2
46431 324 154 11 11 11 0 -2
46432 336 154 11 11 11 0 -2
46433 348 154 11 11 11 0 -2
46496 360 154 11 11 11 0 -2
46497 372 154 11 11 11 0 -2
46500 384 154 11 11 11 0 -2
46504 396 154 11 11 11 0 -2
46506 408 154 11 11 11 0 -2
46507 420 154 11 11 11 0 -2
46512 432 154 11 11 11 0 -2
46513 444 154 11 11 11 0 -2
46515 456 154 11 11 11 0 -2
46516 468 154 11 11 11 0 -2
46517 480 154 11 11 11 0 -2
46523 492 154 11 11 11 0 -2
46524 504 154 11 11 11 0 -2
46525 516 154 11 11 11 0 -2
46528 528 154 11 11 11 0 -2
46532 540 154 11 11 11 0 -2
46540 552 154 11 11 11 0 -2
46541 564 154 11 11 11 0 -2
46543 576 154 11 11 11 0 -2
46544 588 154 11 11 11 0 -2
46545 600 154 11 11 11 0 -2
46552 612 154 11 11 11 0 -2
46572 624 154 11 11 11 0 -2
46608 636 154 11 11 11 0 -2
46609 648 154 11 11 11 0 -2
46612 660 154 11 11 11 0 -2
46616 672 154 11 11 11 0 -2
46629 684 154 11 11 11 0 -2
46636 696 154 11 11 11 0 -2
46644 708 154 11 11 11 0 -2
46664 720 154 11 11 11 0 -2
46692 732 154 11 11 11 0 -2
46696 744 154 11 11 11 0 -2
46748 756 154 11 11 11 0 -2
46749 0 168 11 11 11 0 -2
46752 12 168 11 11 11 0 -2
46756 24 168 11 11 11 0 -2
46763 36 168 11 11 11 0 -2
46764 48 168 11 11 11 0 -2
46769 60 168 11 11 11 0 -2
46804 72 168 11 11 11 0 -2
46832 84 168 11 11 11 0 -2
46836 96 168 11 11 11 0 -2
46840 108 168 11 11 11 0 -2
46848 120 168 11 11 11 0 -2
46849 132 168 11 11 11 0 -2
46853 144 168 11 11 11 0 -2
46888 156 168 11 11 11 0 -2
46889 168 168 11 11 11 0 -2
46892 180 168 11 11 11 0 -2
46895 192 168 11 11 11 0 -2
46896 204 168 11 11 11 0 -2
46904 216 168 11 11 11 0 -2
46905 228 168 11 11 11 0 -2
46907 240 168 11 11 11 0 -2
46916 252 168 11 11 11 0 -2
46920 264 168 11 11 11 0 -2
46924 276 168 11 11 11 0 -2
46932 288 168 11 11 11 0 -2
46933 300 168 11 11 11 0 -2
46944 312 168 11 11 11 0 -2
46948 324 168 11 11 11 0 -2
46952 336 168 11 11 11 0 -2
46960 348 168 11 11 11 0 -2
46961 360 168 11 11 11 0 -2
46963 372 168 11 11 11 0 -2
46965 384 168 11 11 11 0 -2
46972 396 168 11 11 11 0 -2
46973 408 168 11 11 11 0 -2
46976 420 168 11 11 11 0 -2
46980 432 168 11 11 11 0 -2
46988 444 168 11 11 11 0 -2
46989 456 168 11 11 11 0 -2
46991 468 168 11 11 11 0 -2
46992 480 168 11 11 11 0 -2
46993 492 168 11 11 11 0 -2
46994 504 168 11 11 11 0 -2
46998 516 168 11 11 11 0 -2
46999 528 168 11 11 11 0 -2
47000 540 168 11 11 11 0 -2
47001 552 168 11 11 11 0 -2
47004 564 168 11 11 11 0 -2
47008 576 168 11 11 11 0 -2
47016 588 168 11 11 11 0 -2
47017 600 168 11 11 11 0 -2
47019 612 168 11 11 11 0 -2
47020 624 168 11 11 11 0 -2
47021 636 168 11 11 11 0 -2
47028 648 168 11 11 11 0 -2
47029 660 168 11 11 11 0 -2
47032 672 168 11 11 11 0 -2
47047 684 168 11 11 11 0 -2
47049 696 168 11 11 11 0 -2
47084 708 168 11 11 11 0 -2
47085 720 168 11 11 11 0 -2
47088 732 168 11 11 11 0 -2
47092 744 168 11 11 11 0 -2
47100 756 168 11 11 11 0 -2
47101 0 182 11 11 11 0 -2
47103 12 182 11 11 11 0 -2
47104 24 182 11 11 11 0 -2
47105 36 182 11 11 11 0 -2
47111 48 182 11 11 11 0 -2
47112 60 182 11 11 11 0 -2
47113 72 182 11 11 11 0 -2
47116 84 182 11 11 11 0 -2
47120 96 182 11 11 11 0 -2
47128 108 182 11 11 11 0 -2
47129 120 182 11 11 11 0 -2
47131 132 182 11 11 11 0 -2
47133 144 182 11 11 11 0 -2
47140 156 182 11 11 11 0 -2
47141 168 182 11 11 11 0 -2
47144 180 182 11 11 11 0 -2
47148 192 182 11 11 11 0 -2
47156 204 182 11 11 11 0 -2
47157 216 182 11 11 11 0 -2
47159 228 182 11 11 11 0 -2
47160 240 182 11 11 11 0 -2
47161 252 182 11 11 11 0 -2
47168 264 182 11 11 11 0 -2
47172 276 182 11 11 11 0 -2
47185 288 182 11 11 11 0 -2
47187 300 182 11 11 11 0 -2
47196 312 182 11 11 11 0 -2
47197 324 182 11 11 11 0 -2
47200 336 182 11 11 11 0 -2
47204 348 182 11 11 11 0 -2
47212 360 182 11 11 11 0 -2
47213 372 182 11 11 11 0 -2
47215 384 182 11 11 11 0 -2
47217 396 182 11 11 11 0 -2
47224 408 182 11 11 11 0 -2
47228 420 182 11 11 11 0 -2
47245 432 182 11 11 11 0 -2
47272 444 182 11 11 11 0 -2
47280 456 182 11 11 11 0 -2
47284 468 182 11 11 11 0 -2
47288 480 182 11 11 11 0 -2
47296 492 182 11 11 11 0 -2
47297 504 182 11 11 11 0 -2
47299 516 182 11 11 11 0 -2
47301 528 182 11 11 11 0 -2
47308 540 182 11 11 11 0 -2
47312 552 182 11 11 11 0 -2
47316 564 182 11 11 11 0 -2
47325 576 182 11 11 11 0 -2
47327 588 182 11 11 11 0 -2
47329 600 182 11 11 11 0 -2
47336 612 182 11 11 11 0 -2
47337 624 182 11 11 11 0 -2
47340 636 182 11 11 11 0 -2
47344 648 182 11 11 11 0 -2
47352 660 182 11 11 11 0 -2
47353 672 182 11 11 11 0 -2
47355 684 182 11 11 11 0 -2
47357 696 182 11 11 11 0 -2
47364 708 182 11 11 11 0 -2
47384 720 182 11 11 11 0 -2
47392 732 182 11 11 11 0 -2
47420 744 182 11 11 11 0 -2
47421 756 182 11 11 11 0 -2
47424 0 196 11 11 11 0 -2
47428 12 196 11 11 11 0 -2
47436 24 196 11 11 11 0 -2
47439 36 196 11 11 11 0 -2
47441 48 196 11 11 11 0 -2
47448 60 196 11 11 11 0 -2
47449 72 196 11 11 11 0 -2
47452 84 196 11 11 11 0 -2
47456 96 196 11 11 11 0 -2
47464 108 196 11 11 11 0 -2
47465 120 196 11 11 11 0 -2
47467 132 196 11 11 11 0 -2
47469 144 196 11 11 11 0 -2
47476 156 196 11 11 11 0 -2
47477 168 196 11 11 11 0 -2
47480 180 196 11 11 11 0 -2
47484 192 196 11 11 11 0 -2
47492 204 196 11 11 11 0 -2
47493 216 196 11 11 11 0 -2
47495 228 196 11 11 11 0 -2
47497 240 196 11 11 11 0 -2
47498 252 196 11 11 11 0 -2
47501 264 196 11 11 11 0 -2
47502 276 196 11 11 11 0 -2
47532 288 196 11 11 11 0 -2
47533 300 196 11 11 11 0 -2
47536 312 196 11 11 11 0 -2
47540 324 196 11 11 11 0 -2
47548 336 196 11 11 11 0 -2
47549 348 196 11 11 11 0 -2
47551 360 196 11 11 11 0 -2
47553 372 196 11 11 11 0 -2
47560 384 196 11 11 11 0 -2
47561 396 196 11 11 11 0 -2
47564 408 196 11 11 11 0 -2
47566 420 196 11 11 11 0 -2
47567 432 196 11 11 11 0 -2
47568 444 196 11 11 11 0 -2
47569 456 196 11 11 11 0 -2
47570 468 196 11 11 11 0 -2
47576 480 196 11 11 11 0 -2
47577 492 196 11 11 11 0 -2
47579 504 196 11 11 11 0 -2
47581 516 196 11 11 11 0 -2
47582 528 196 11 11 11 0 -2
47585 540 196 11 11 11 0 -2
47587 552 196 11 11 11 0 -2
47588 564 196 11 11 11 0 -2
47589 576 196 11 11 11 0 -2
47592 588 196 11 11 11 0 -2
47596 600 196 11 11 11 0 -2
47604 612 196 11 11 11 0 -2
47605 624 196 11 11 11 0 -2
47607 636 196 11 11 11 0 -2
47608 648 196 11 11 11 0 -2
47609 660 196 11 11 11 0 -2
47610 672 196 11 11 11 0 -2
47616 684 196 11 11 11 0 -2
47617 696 196 11 11 11 0 -2
47624 708 196 11 11 11 0 -2
47637 720 196 11 11 11 0 -2
47672 732 196 11 11 11 0 -2
47673 744 196 11 11 11 0 -2
47676 756 196 11 11 11 0 -2
47680 0 210 11 11 11 0 -2
47682 12 210 11 11 11 0 -2
47688 24 210 11 11 11 0 -2
47689 36 210 11 11 11 0 -2
47691 48 210 11 11 11 0 -2
47693 60 210 11 11 11 0 -2
47694 72 210 11 11 11 0 -2
47699 84 210 11 11 11 0 -2
47700 96 210 11 11 11 0 -2
47701 108 210 11 11 11 0 -2
47704 120 210 11 11 11 0 -2
47708 132 210 11 11 11 0 -2
47716 144 210 11 11 11 0 -2
47717 156 210 11 11 11 0 -2
47719 168 210 11 11 11 0 -2
47720 180 210 11 11 11 0 -2
47721 192 210 11 11 11 0 -2
47728 204 210 11 11 11 0 -2
47729 216 210 11 11 11 0 -2
47732 228 210 11 11 11 0 -2
47736 240 210 11 11 11 0 -2
47747 252 210 11 11 11 0 -2
47748 264 210 11 11 11 0 -2
47749 276 210 11 11 11 0 -2
47751 288 210 11 11 11 0 -2
47756 300 210 11 11 11 0 -2
47784 312 210 11 11 11 0 -2
47785 324 210 11 11 11 0 -2
47787 336 210 11 11 11 0 -2
47788 348 210 11 11 11 0 -2
47792 360 210 11 11 11 0 -2
47794 372 210 11 11 11 0 -2
47800 384 210 11 11 11 0 -2
47801 396 210 11 11 11 0 -2
47803 408 210 11 11 11 0 -2
47805 420 210 11 11 11 0 -2
47812 432 210 11 11 11 0 -2
47816 444 210 11 11 11 0 -2
47832 456 210 11 11 11 0 -2
47833 468 210 11 11 11 0 -2
47868 480 210 11 11 11 0 -2
47872 492 210 11 11 11 0 -2
47876 504 210 11 11 11 0 -2
47885 516 210 11 11 11 0 -2
47887 528 210 11 11 11 0 -2
47889 540 210 11 11 11 0 -2
47896 552 210 11 11 11 0 -2
47900 564 210 11 11 11 0 -2
47904 576 210 11 11 11 0 -2
47913 588 210 11 11 11 0 -2
47915 600 210 11 11 11 0 -2
47924 612 210 11 11 11 0 -2
47925 624 210 11 11 11 0 -2
47926 636 210 11 11 11 0 -2
47928 648 210 11 11 11 0 -2
47931 660 210 11 11 11 0 -2
47932 672 210 11 11 11 0 -2
47933 684 210 11 11 11 0 -2
47934 696 210 11 11 11 0 -2
47940 708 210 11 11 11 0 -2
47941 720 210 11 11 11 0 -2
47943 732 210 11 11 11 0 -2
47945 744 210 11 11 11 0 -2
47949 756 210 11 11 11 0 -2
47951 0 224 11 11 11 0 -2
47952 12 224 11 11 11 0 -2
47956 24 224 11 11 11 0 -2
47960 36 224 11 11 11 0 -2
47969 48 224 11 11 11 0 -2
47971 60 224 11 11 11 0 -2
47980 72 224 11 11 11 0 -2
48008 84 224 11 11 11 0 -2
48012 96 224 11 11 11 0 -2
48016 108 224 11 11 11 0 -2
48036 120 224 11 11 11 0 -2
48040 132 224 11 11 11 0 -2
48044 144 224 11 11 11 0 -2
48052 156 224 11 11 11 0 -2
48055 168 224 11 11 11 0 -2
48064 180 224 11 11 11 0 -2
48068 192 224 11 11 11 0 -2
48072 204 224 11 11 11 0 -2
48080 216 224 11 11 11 0 -2
48083 228 224 11 11 11 0 -2
48120 240 224 11 11 11 0 -2
48121 252 224 11 11 11 0 -2
48124 264 224 11 11 11 0 -2
48127 276 224 11 11 11 0 -2
48128 288 224 11 11 11 0 -2
48130 300 224 11 11 11 0 -2
48136 312 224 11 11 11 0 -2
48137 324 224 11 11 11 0 -2
48139 336 224 11 11 11 0 -2
48140 348 224 11 11 11 0 -2
48141 360 224 11 11 11 0 -2
48143 372 224 11 11 11 0 -2
48145 384 224 11 11 11 0 -2
48148 396 224 11 11 11 0 -2
48149 408 224 11 11 11 0 -2
48150 420 224 11 11 11 0 -2
48151 432 224 11 11 11 0 -2
48152 444 224 11 11 11 0 -2
48155 456 224 11 11 11 0 -2
48156 468 224 11 11 11 0 -2
48157 480 224 11 11 11 0 -2
48158 492 224 11 11 11 0 -2
48159 504 224 11 11 11 0 -2
48164 516 224 11 11 11 0 -2
48165 528 224 11 11 11 0 -2
48167 540 224 11 11 11 0 -2
48169 552 224 11 11 11 0 -2
48173 564 224 11 11 11 0 -2
48176 576 224 11 11 11 0 -2
48177 588 224 11 11 11 0 -2
48180 600 224 11 11 11 0 -2
48184 612 224 11 11 11 0 -2
48192 624 224 11 11 11 0 -2
48193 636 224 11 11 11 0 -2
48195 648 224 11 11 11 0 -2
48196 660 224 11 11 11 0 -2
48197 672 224 11 11 11 0 -2
48201 684 224 11 11 11 0 -2
48204 696 224 11 11 11 0 -2
48205 708 224 11 11 11 0 -2
48208 720 224 11 11 11 0 -2
48221 732 224 11 11 11 0 -2
48260 744 224 11 11 11 0 -2
48261 756 224 11 11 11 0 -2
48264 0 238 11 11 11 0 -2
48267 12 238 11 11 11 0 -2
48268 24 238 11 11 11 0 -2
48270 36 238 11 11 11 0 -2
48276 48 238 11 11 11 0 -2
48277 60 238 11 11 11 0 -2
48279 72 238 11 11 11 0 -2
48281 84 238 11 11 11 0 -2
48282 96 238 11 11 11 0 -2
48288 108 238 11 11 11 0 -2
48289 120 238 11 11 11 0 -2
48292 132 238 11 11 11 0 -2
48295 144 238 11 11 11 0 -2
48296 156 238 11 11 11 0 -2
48304 168 238 11 11 11 0 -2
48305 180 238 11 11 11 0 -2
48307 192 238 11 11 11 0 -2
48308 204 238 11 11 11 0 -2
48309 216 238 11 11 11 0 -2
48316 228 238 11 11 11 0 -2
48317 240 238 11 11 11 0 -2
48320 252 238 11 11 11 0 -2
48324 264 238 11 11 11 0 -2
48333 276 238 11 11 11 0 -2
48335 288 238 11 11 11 0 -2
48336 300 238 11 11 11 0 -2
48337 312 238 11 11 11 0 -2
48341 324 238 11 11 11 0 -2
48344 336 238 11 11 11 0 -2
48348 348 238 11 11 11 0 -2
48372 360 238 11 11 11 0 -2
48373 372 238 11 11 11 0 -2
48374 384 238 11 11 11 0 -2
48376 396 238 11 11 11 0 -2
48380 408 238 11 11 11 0 -2
48388 420 238 11 11 11 0 -2
48389 432 238 11 11 11 0 -2
48391 444 238 11 11 11 0 -2
48393 456 238 11 11 11 0 -2
48400 468 238 11 11 11 0 -2
48404 480 238 11 11 11 0 -2
48420 492 238 11 11 11 0 -2
48428 504 238 11 11 11 0 -2
48448 516 238 11 11 11 0 -2
48456 528 238 11 11 11 0 -2
48457 540 238 11 11 11 0 -2
48460 552 238 11 11 11 0 -2
48464 564 238 11 11 11 0 -2
48472 576 238 11 11 11 0 -2
48473 588 238 11 11 11 0 -2
48484 600 238 11 11 11 0 -2
48488 612 238 11 11 11 0 -2
48512 624 238 11 11 11 0 -2
48513 636 238 11 11 11 0 -2
48516 648 238 11 11 11 0 -2
48519 660 238 11 11 11 0 -2
48520 672 238 11 11 11 0 -2
48521 684 238 11 11 11 0 -2
48522 696 238 11 11 11 0 -2
48528 708 238 11 11 11 0 -2
48529 720 238 11 11 11 0 -2
48531 732 238 11 11 11 0 -2
48533 744 238 11 11 11 0 -2
48537 756 238 11 11 11 0 -2
48538 0 252 11 11 11 0 -2
48540 12 252 11 11 11 0 -2
48548 24 252 11 11 11 0 -2
48560 36 252 11 11 11 0 -2
48568 48 252 11 11 11 0 -2
48596 60 252 11 11 11 0 -2
48597 72 252 11 11 11 0 -2
48600 84 252 11 11 11 0 -2
48604 96 252 11 11 11 0 -2
48617 108 252 11 11 11 0 -2
48624 120 252 11 11 11 0 -2
48628 132 252 11 11 11 0 -2
48632 144 252 11 11 11 0 -2
48640 156 252 11 11 11 0 -2
48643 168 252 11 11 11 0 -2
48645 180 252 11 11 11 0 -2
48652 192 252 11 11 11 0 -2
48653 204 252 11 11 11 0 -2
48656 216 252 11 11 11 0 -2
48660 228 252 11 11 11 0 -2
48668 240 252 11 11 11 0 -2
48669 252 252 11 11 11 0 -2
48671 264 252 11 11 11 0 -2
48708 276 252 11 11 11 0 -2
48709 288 252 11 11 11 0 -2
48712 300 252 11 11 11 0 -2
48716 312 252 11 11 11 0 -2
48718 324 252 11 11 11 0 -2
48724 336 252 11 11 11 0 -2
48725 348 252 11 11 11 0 -2
48727 360 252 11 11 11 0 -2
48729 372 252 11 11 11 0 -2
48730 384 252 11 11 11 0 -2
48731 396 252 11 11 11 0 -2
48736 408 252 11 11 11 0 -2
48737 420 252 11 11 11 0 -2
48740 432 252 11 11 11 0 -2
48744 444 252 11 11 11 0 -2
48746 456 252 11 11 11 0 -2
48752 468 252 11 11 11 0 -2
48753 480 252 11 11 11 0 -2
48755 492 252 11 11 11 0 -2
48756 504 252 11 11 11 0 -2
48757 516 252 11 11 11 0 -2
48763 528 252 11 11 11 0 -2
48764 540 252 11 11 11 0 -2
48765 552 252 11 11 11 0 -2
48768 564 252 11 11 11 0 -2
48772 576 252 11 11 11 0 -2
48780 588 252 11 11 11 0 -2
48781 600 252 11 11 11 0 -2
48783 612 252 11 11 11 0 -2
48784 624 252 11 11 11 0 -2
48785 636 252 11 11 11 0 -2
48792 648 252 11 11 11 0 -2
48793 660 252 11 11 11 0 -2
48808 672 252 11 11 11 0 -2
48848 684 252 11 11 11 0 -2
48849 696 252 11 11 11 0 -2
48852 708 252 11 11 11 0 -2
48855 720 252 11 11 11 0 -2
48856 732 252 11 11 11 0 -2
48864 744 252 11 11 11 0 -2
48867 756 252 11 11 11 0 -2
48868 0 266 11 11 11 0 -2
48869 12 266 11 11 11 0 -2
48876 24 266 11 11 11 0 -2
48897 36 266 11 11 11 0 -2
48904 48 266 11 11 11 0 -2
48905 60 266 11 11 11 0 -2
48920 72 266 11 11 11 0 -2
48921 84 266 11 11 11 0 -2
48923 96 266 11 11 11 0 -2
48924 108 266 11 11 11 0 -2
48925 120 266 11 11 11 0 -2
48960 132 266 11 11 11 0 -2
48961 144 266 11 11 11 0 -2
48964 156 266 11 11 11 0 -2
48968 168 266 11 11 11 0 -2
48976 180 266 11 11 11 0 -2
48977 192 266 11 11 11 0 -2
48981 204 266 11 11 11 0 -2
49044 216 266 11 11 11 0 -2
49072 228 266 11 11 11 0 -2
49093 240 266 11 11 11 0 -2
49100 252 266 11 11 11 0 -2
49101 264 266 11 11 11 0 -2
49104 276 266 11 11 11 0 -2
49108 288 266 11 11 11 0 -2
49116 300 266 11 11 11 0 -2
49119 312 266 11 11 11 0 -2
49121 324 266 11 11 11 0 -2
49212 336 266 11 11 11 0 -2
49233 348 266 11 11 11 0 -2
49240 360 266 11 11 11 0 -2
49244 372 266 11 11 11 0 -2
49248 384 266 11 11 11 0 -2
49256 396 266 11 11 11 0 -2
49257 408 266 11 11 11 0 -2
49296 420 266 11 11 11 0 -2
49297 432 266 11 11 11 0 -2
49300 444 266 11 11 11 0 -2
49304 456 266 11 11 11 0 -2
49312 468 266 11 11 11 0 -2
49313 480 266 11 11 11 0 -2
49315 492 266 11 11 11 0 -2
49317 504 266 11 11 11 0 -2
49324 516 266 11 11 11 0 -2
49325 528 266 11 11 11 0 -2
49327 540 266 11 11 11 0 -2
49328 552 266 11 11 11 0 -2
49331 564 266 11 11 11 0 -2
49332 576 266 11 11 11 0 -2
49333 588 266 11 11 11 0 -2
49334 600 266 11 11 11 0 -2
49340 612 266 11 11 11 0 -2
49341 624 266 11 11 11 0 -2
49343 636 266 11 11 11 0 -2
49344 648 266 11 11 11 0 -2
49345 660 266 11 11 11 0 -2
49349 672 266 11 11 11 0 -2
49352 684 266 11 11 11 0 -2
49353 696 266 11 11 11 0 -2
49356 708 266 11 11 11 0 -2
49360 720 266 11 11 11 0 -2
49368 732 266 11 11 11 0 -2
49369 744 266 11 11 11 0 -2
49371 756 266 11 11 11 0 -2
49372 0 280 11 11 11 0 -2
49373 12 280 11 11 11 0 -2
49380 24 280 11 11 11 0 -2
49381 36 280 11 11 11 0 -2
49384 48 280 11 11 11 0 -2
49388 60 280 11 11 11 0 -2
49396 72 280 11 11 11 0 -2
49397 84 280 11 11 11 0 -2
49399 96 280 11 11 11 0 -2
49401 108 280 11 11 11 0 -2
49408 120 280 11 11 11 0 -2
49412 132 280 11 11 11 0 -2
49416 144 280 11 11 11 0 -2
49424 156 280 11 11 11 0 -2
49429 168 280 11 11 11 0 -2
49436 180 280 11 11 11 0 -2
49437 192 280 11 11 11 0 -2
49438 204 280 11 11 11 0 -2
49439 216 280 11 11 11 0 -2
49440 228 280 11 11 11 0 -2
49443 240 280 11 11 11 0 -2
49444 252 280 11 11 11 0 -2
49446 264 280 11 11 11 0 -2
49447 276 280 11 11 11 0 -2
49452 288 280 11 11 11 0 -2
49453 300 280 11 11 11 0 -2
49455 312 280 11 11 11 0 -2
49456 324 280 11 11 11 0 -2
49457 336 280 11 11 11 0 -2
49462 348 280 11 11 11 0 -2
49464 360 280 11 11 11 0 -2
49465 372 280 11 11 11 0 -2
49468 384 280 11 11 11 0 -2
49472 396 280 11 11 11 0 -2
49480 408 280 11 11 11 0 -2
49481 420 280 11 11 11 0 -2
49483 432 280 11 11 11 0 -2
49484 444 280 11 11 11 0 -2
49485 456 280 11 11 11 0 -2
49492 468 280 11 11 11 0 -2
49493 480 280 11 11 11 0 -2
49496 492 280 11 11 11 0 -2
49500 504 280 11 11 11 0 -2
49508 516 280 11 11 11 0 -2
49509 528 280 11 11 11 0 -2
49511 540 280 11 11 11 0 -2
49512 552 280 11 11 11 0 -2
49513 564 280 11 11 11 0 -2
49520 576 280 11 11 11 0 -2
49524 588 280 11 11 11 0 -2
49528 600 280 11 11 11 0 -2
49541 612 280 11 11 11 0 -2
49548 624 280 11 11 11 0 -2
49549 636 280 11 11 11 0 -2
49550 648 280 11 11 11 0 -2
49552 660 280 11 11 11 0 -2
49556 672 280 11 11 11 0 -2
49558 684 280 11 11 11 0 -2
49564 696 280 11 11 11 0 -2
49565 708 280 11 11 11 0 -2
49567 720 280 11 11 11 0 -2
49569 732 280 11 11 11 0 -2
49573 744 280 11 11 11 0 -2
49576 756 280 11 11 11 0 -2
49577 0 294 11 11 11 0 -2
49580 12 294 11 11 11 0 -2
49584 24 294 11 11 11 0 -2
49597 36 294 11 11 11 0 -2
49604 48 294 11 11 11 0 -2
49608 60 294 11 11 11 0 -2
49612 72 294 11 11 11 0 -2
49620 84 294 11 11 11 0 -2
49623 96 294 11 11 11 0 -2
49624 108 294 11 11 11 0 -2
49632 120 294 11 11 11 0 -2
49636 132 294 11 11 11 0 -2
49640 144 294 11 11 11 0 -2
49648 156 294 11 11 11 0 -2
49649 168 294 11 11 11 0 -2
49651 180 294 11 11 11 0 -2
49660 192 294 11 11 11 0 -2
49661 204 294 11 11 11 0 -2
49664 216 294 11 11 11 0 -2
49668 228 294 11 11 11 0 -2
49676 240 294 11 11 11 0 -2
49677 252 294 11 11 11 0 -2
49679 264 294 11 11 11 0 -2
49681 276 294 11 11 11 0 -2
49688 288 294 11 11 11 0 -2
49689 300 294 11 11 11 0 -2
49692 312 294 11 11 11 0 -2
49695 324 294 11 11 11 0 -2
49696 336 294 11 11 11 0 -2
49704 348 294 11 11 11 0 -2
49705 360 294 11 11 11 0 -2
49707 372 294 11 11 11 0 -2
49709 384 294 11 11 11 0 -2
49711 396 294 11 11 11 0 -2
49713 408 294 11 11 11 0 -2
49714 420 294 11 11 11 0 -2
49716 432 294 11 11 11 0 -2
49736 444 294 11 11 11 0 -2
49744 456 294 11 11 11 0 -2
49745 468 294 11 11 11 0 -2
49748 480 294 11 11 11 0 -2
49752 492 294 11 11 11 0 -2
49760 504 294 11 11 11 0 -2
49765 516 294 11 11 11 0 -2
49772 528 294 11 11 11 0 -2
49773 540 294 11 11 11 0 -2
49776 552 294 11 11 11 0 -2
49780 564 294 11 11 11 0 -2
49788 576 294 11 11 11 0 -2
49789 588 294 11 11 11 0 -2
49791 600 294 11 11 11 0 -2
49793 612 294 11 11 11 0 -2
49800 624 294 11 11 11 0 -2
49801 636 294 11 11 11 0 -2
49808 648 294 11 11 11 0 -2
49816 660 294 11 11 11 0 -2
49819 672 294 11 11 11 0 -2
49821 684 294 11 11 11 0 -2
49828 696 294 11 11 11 0 -2
49829 708 294 11 11 11 0 -2
49832 720 294 11 11 11 0 -2
49836 732 294 11 11 11 0 -2
49837 744 294 11 11 11 0 -2
49844 756 294 11 11 11 0 -2
49845 0 308 11 11 11 0 -2
49847 12 308 11 11 11 0 -2
49849 24 308 11 11 11 0 -2
49884 36 308 11 11 11 0 -2
49885 48 308 11 11 11 0 -2
49888 60 308 11 11 11 0 -2
49891 72 308 11 11 11 0 -2
49892 84 308 11 11 11 0 -2
49899 96 308 11 11 11 0 -2
49900 108 308 11 11 11 0 -2
49901 120 308 11 11 11 0 -2
49903 132 308 11 11 11 0 -2
49905 144 308 11 11 11 0 -2
49910 156 308 11 11 11 0 -2
49912 168 308 11 11 11 0 -2
49913 180 308 11 11 11 0 -2
49915 192 308 11 11 11 0 -2
49916 204 308 11 11 11 0 -2
49920 216 308 11 11 11 0 -2
49928 228 308 11 11 11 0 -2
49929 240 308 11 11 11 0 -2
49932 252 308 11 11 11 0 -2
49933 264 308 11 11 11 0 -2
49939 276 308 11 11 11 0 -2
49940 288 308 11 11 11 0 -2
49941 300 308 11 11 11 0 -2
49944 312 308 11 11 11 0 -2
49948 324 308 11 11 11 0 -2
49956 336 308 11 11 11 0 -2
49957 348 308 11 11 11 0 -2
49960 360 308 11 11 11 0 -2
49961 372 308 11 11 11 0 -2
49989 384 308 11 11 11 0 -2
50024 396 308 11 11 11 0 -2
50025 408 308 11 11 11 0 -2
50028 420 308 11 11 11 0 -2
50032 432 308 11 11 11 0 -2
50034 444 308 11 11 11 0 -2
50040 456 308 11 11 11 0 -2
50041 468 308 11 11 11 0 -2
50044 480 308 11 11 11 0 -2
50045 492 308 11 11 11 0 -2
50052 504 308 11 11 11 0 -2
50056 516 308 11 11 11 0 -2
50060 528 308 11 11 11 0 -2
50112 540 308 11 11 11 0 -2
50136 552 308 11 11 11 0 -2
50137 564 308 11 11 11 0 -2
50140 576 308 11 11 11 0 -2
50143 588 308 11 11 11 0 -2
50144 600 308 11 11 11 0 -2
50146 612 308 11 11 11 0 -2
50152 624 308 11 11 11 0 -2
50153 636 308 11 11 11 0 -2
50157 648 308 11 11 11 0 -2
50164 660 308 11 11 11 0 -2
50165 672 308 11 11 11 0 -2
50168 684 308 11 11 11 0 -2
50184 696 308 11 11 11 0 -2
50192 708 308 11 11 11 0 -2
50212 720 308 11 11 11 0 -2
50220 732 308 11 11 11 0 -2
50224 744 308 11 11 11 0 -2
50228 756 308 11 11 11 0 -2
50236 0 322 11 11 11 0 -2
50237 12 322 11 11 11 0 -2
50248 24 322 11 11 11 0 -2
50276 36 322 11 11 11 0 -2
50277 48 322 11 11 11 0 -2
50280 60 322 11 11 11 0 -2
50284 72 322 11 11 11 0 -2
50292 84 322 11 11 11 0 -2
50293 96 322 11 11 11 0 -2
50297 108 322 11 11 11 0 -2
50304 120 322 11 11 11 0 -2
50324 132 322 11 11 11 0 -2
50332 144 322 11 11 11 0 -2
50360 156 322 11 11 11 0 -2
50364 168 322 11 11 11 0 -2
50409 180 322 11 11 11 0 -2
50416 192 322 11 11 11 0 -2
50417 204 322 11 11 11 0 -2
50420 216 322 11 11 11 0 -2
50424 228 322 11 11 11 0 -2
50426 240 322 11 11 11 0 -2
50431 252 322 11 11 11 0 -2
50432 264 322 11 11 11 0 -2
50433 276 322 11 11 11 0 -2
50444 288 322 11 11 11 0 -2
50448 300 322 11 11 11 0 -2
50452 312 322 11 11 11 0 -2
50460 324 322 11 11 11 0 -2
50472 336 322 11 11 11 0 -2
50473 348 322 11 11 11 0 -2
50476 360 322 11 11 11 0 -2
50480 372 322 11 11 11 0 -2
50488 384 322 11 11 11 0 -2
50489 396 322 11 11 11 0 -2
50491 408 322 11 11 11 0 -2
50493 420 322 11 11 11 0 -2
50500 432 322 11 11 11 0 -2
50501 444 322 11 11 11 0 -2
50504 456 322 11 11 11 0 -2
50505 468 322 11 11 11 0 -2
50506 480 322 11 11 11 0 -2
50508 492 322 11 11 11 0 -2
50509 504 322 11 11 11 0 -2
50510 516 322 11 11 11 0 -2
50515 528 322 11 11 11 0 -2
50516 540 322 11 11 11 0 -2
50517 552 322 11 11 11 0 -2
50519 564 322 11 11 11 0 -2
50520 576 322 11 11 11 0 -2
50521 588 322 11 11 11 0 -2
50525 600 322 11 11 11 0 -2
50526 612 322 11 11 11 0 -2
50528 624 322 11 11 11 0 -2
50529 636 322 11 11 11 0 -2
50532 648 322 11 11 11 0 -2
50536 660 322 11 11 11 0 -2
50544 672 322 11 11 11 0 -2
50545 684 322 11 11 11 0 -2
50547 696 322 11 11 11 0 -2
50548 708 322 11 11 11 0 -2
50549 720 322 11 11 11 0 -2
50556 732 322 11 11 11 0 -2
50557 744 322 11 11 11 0 -2
50560 756 322 11 11 11 0 -2
50564 0 336 11 11 11 0 -2
50567 12 336 11 11 11 0 -2
50572 24 336 11 11 11 0 -2
50573 36 336 11 11 11 0 -2
50575 48 336 11 11 11 0 -2
50577 60 336 11 11 11 0 -2
50581 72 336 11 11 11 0 -2
50583 84 336 11 11 11 0 -2
50584 96 336 11 11 11 0 -2
50588 108 336 11 11 11 0 -2
50592 120 336 11 11 11 0 -2
50601 132 336 11 11 11 0 -2
50612 144 336 11 11 11 0 -2
50613 156 336 11 11 11 0 -2
50616 168 336 11 11 11 0 -2
50617 180 336 11 11 11 0 -2
50619 192 336 11 11 11 0 -2
50620 204 336 11 11 11 0 -2
50621 216 336 11 11 11 0 -2
50622 228 336 11 11 11 0 -2
50628 240 336 11 11 11 0 -2
50629 252 336 11 11 11 0 -2
50630 264 336 11 11 11 0 -2
50631 276 336 11 11 11 0 -2
50632 288 336 11 11 11 0 -2
50633 300 336 11 11 11 0 -2
50634 312 336 11 11 11 0 -2
50636 324 336 11 11 11 0 -2
50638 336 336 11 11 11 0 -2
50640 348 336 11 11 11 0 -2
50641 360 336 11 11 11 0 -2
50644 372 336 11 11 11 0 -2
50648 384 336 11 11 11 0 -2
50656 396 336 11 11 11 0 -2
50657 408 336 11 11 11 0 -2
50659 420 336 11 11 11 0 -2
50661 432 336 11 11 11 0 -2
50668 444 336 11 11 11 0 -2
50669 456 336 11 11 11 0 -2
50670 468 336 11 11 11 0 -2
50672 480 336 11 11 11 0 -2
50676 492 336 11 11 11 0 -2
50678 504 336 11 11 11 0 -2
50679 516 336 11 11 11 0 -2
50684 528 336 11 11 11 0 -2
50685 540 336 11 11 11 0 -2
50686 552 336 11 11 11 0 -2
50687 564 336 11 11 11 0 -2
50688 576 336 11 11 11 0 -2
50689 588 336 11 11 11 0 -2
50693 600 336 11 11 11 0 -2
50694 612 336 11 11 11 0 -2
50695 624 336 11 11 11 0 -2
50696 636 336 11 11 11 0 -2
50700 648 336 11 11 11 0 -2
50704 660 336 11 11 11 0 -2
50712 672 336 11 11 11 0 -2
50713 684 336 11 11 11 0 -2
50715 696 336 11 11 11 0 -2
50716 708 336 11 11 11 0 -2
50724 720 336 11 11 11 0 -2
50725 732 336 11 11 11 0 -2
50728 744 336 11 11 11 0 -2
50732 756 336 11 11 11 0 -2
50733 0 350 11 11 11 0 -2
50734 12 350 11 11 11 0 -2
50736 24 350 11 11 11 0 -2
50739 36 350 11 11 11 0 -2
50740 48 350 11 11 11 0 -2
50741 60 350 11 11 11 0 -2
50743 72 350 11 11 11 0 -2
50745 84 350 11 11 11 0 -2
50747 96 350 11 11 11 0 -2
50752 108 350 11 11 11 0 -2
50753 120 350 11 11 11 0 -2
50756 132 350 11 11 11 0 -2
50760 144 350 11 11 11 0 -2
50768 156 350 11 11 11 0 -2
50769 168 350 11 11 11 0 -2
50771 180 350 11 11 11 0 -2
50772 192 350 11 11 11 0 -2
50773 204 350 11 11 11 0 -2
50780 216 350 11 11 11 0 -2
50781 228 350 11 11 11 0 -2
50784 240 350 11 11 11 0 -2
50796 252 350 11 11 11 0 -2
50799 264 350 11 11 11 0 -2
50801 276 350 11 11 11 0 -2
50808 288 350 11 11 11 0 -2
50809 300 350 11 11 11 0 -2
50812 312 350 11 11 11 0 -2
50816 324 350 11 11 11 0 -2
50824 336 350 11 11 11 0 -2
50825 348 350 11 11 11 0 -2
50827 360 350 11 11 11 0 -2
50829 372 350 11 11 11 0 -2
50836 384 350 11 11 11 0 -2
50837 396 350 11 11 11 0 -2
50840 408 350 11 11 11 0 -2
50844 420 350 11 11 11 0 -2
50852 432 350 11 11 11 0 -2
50853 444 350 11 11 11 0 -2
50855 456 350 11 11 11 0 -2
50857 468 350 11 11 11 0 -2
50864 480 350 11 11 11 0 -2
50865 492 350 11 11 11 0 -2
50868 504 350 11 11 11 0 -2
50872 516 350 11 11 11 0 -2
50873 528 350 11 11 11 0 -2
50874 540 350 11 11 11 0 -2
50880 552 350 11 11 11 0 -2
50881 564 350 11 11 11 0 -2
50883 576 350 11 11 11 0 -2
50885 588 350 11 11 11 0 -2
50892 600 350 11 11 11 0 -2
50893 612 350 11 11 11 0 -2
50896 624 350 11 11 11 0 -2
50900 636 350 11 11 11 0 -2
50908 648 350 11 11 11 0 -2
50909 660 350 11 11 11 0 -2
50912 672 350 11 11 11 0 -2
50913 684 350 11 11 11 0 -2
50920 696 350 11 11 11 0 -2
50921 708 350 11 11 11 0 -2
50924 720 350 11 11 11 0 -2
50928 732 350 11 11 11 0 -2
50936 744 350 11 11 11 0 -2
50937 756 350 11 11 11 0 -2
50941 0 364 11 11 11 0 -2
50948 12 364 11 11 11 0 -2
50949 24 364 11 11 11 0 -2
50952 36 364 11 11 11 0 -2
50956 48 364 11 11 11 0 -2
50964 60 364 11 11 11 0 -2
50965 72 364 11 11 11 0 -2
50967 84 364 11 11 11 0 -2
50969 96 364 11 11 11 0 -2
50976 108 364 11 11 11 0 -2
50977 120 364 11 11 11 0 -2
50980 132 364 11 11 11 0 -2
50984 144 364 11 11 11 0 -2
50992 156 364 11 11 11 0 -2
50993 168 364 11 11 11 0 -2
50995 180 364 11 11 11 0 -2
50997 192 364 11 11 11 0 -2
50999 204 364 11 11 11 0 -2
51004 216 364 11 11 11 0 -2
51005 228 364 11 11 11 0 -2
51008 240 364 11 11 11 0 -2
51012 252 364 11 11 11 0 -2
51018 264 364 11 11 11 0 -2
51020 276 364 11 11 11 0 -2
51023 288 364 11 11 11 0 -2
51025 300 364 11 11 11 0 -2
51026 312 364 11 11 11 0 -2
51027 324 364 11 11 11 0 -2
51028 336 364 11 11 11 0 -2
51029 348 364 11 11 11 0 -2
51030 360 364 11 11 11 0 -2
51031 372 364 11 11 11 0 -2
51032 384 364 11 11 11 0 -2
51036 396 364 11 11 11 0 -2
51040 408 364 11 11 11 0 -2
51048 420 364 11 11 11 0 -2
51051 432 364 11 11 11 0 -2
51060 444 364 11 11 11 0 -2
51061 456 364 11 11 11 0 -2
51064 468 364 11 11 11 0 -2
51068 480 364 11 11 11 0 -2
51069 492 364 11 11 11 0 -2
51070 504 364 11 11 11 0 -2
51075 516 364 11 11 11 0 -2
51076 528 364 11 11 11 0 -2
51077 540 364 11 11 11 0 -2
51079 552 364 11 11 11 0 -2
51080 564 364 11 11 11 0 -2
51081 576 364 11 11 11 0 -2
51082 588 364 11 11 11 0 -2
51086 600 364 11 11 11 0 -2
51088 612 364 11 11 11 0 -2
51089 624 364 11 11 11 0 -2
51092 636 364 11 11 11 0 -2
51094 648 364 11 11 11 0 -2
51095 660 364 11 11 11 0 -2
51096 672 364 11 11 11 0 -2
51098 684 364 11 11 11 0 -2
51104 696 364 11 11 11 0 -2
51105 708 364 11 11 11 0 -2
51107 720 364 11 11 11 0 -2
51108 732 364 11 11 11 0 -2
51109 744 364 11 11 11 0 -2
51110 756 364 11 11 11 0 -2
51116 0 378 11 11 11 0 -2
51117 12 378 11 11 11 0 -2
51120 24 378 11 11 11 0 -2
51124 36 378 11 11 11 0 -2
51132 48 378 11 11 11 0 -2
51133 60 378 11 11 11 0 -2
51135 72 378 11 11 11 0 -2
51136 84 378 11 11 11 0 -2
51137 96 378 11 11 11 0 -2
51144 108 378 11 11 11 0 -2
51145 120 378 11 11 11 0 -2
51148 132 378 11 11 11 0 -2
51150 144 378 11 11 11 0 -2
51152 156 378 11 11 11 0 -2
51160 168 378 11 11 11 0 -2
51165 180 378 11 11 11 0 -2
51172 192 378 11 11 11 0 -2
51176 204 378 11 11 11 0 -2
51180 216 378 11 11 11 0 -2
51200 228 378 11 11 11 0 -2
51201 240 378 11 11 11 0 -2
51204 252 378 11 11 11 0 -2
51208 264 378 11 11 11 0 -2
51210 276 378 11 11 11 0 -2
51216 288 378 11 11 11 0 -2
51217 300 378 11 11 11 0 -2
51219 312 378 11 11 11 0 -2
51221 324 378 11 11 11 0 -2
51222 336 378 11 11 11 0 -2
51228 348 378 11 11 11 0 -2
51229 360 378 11 11 11 0 -2
51232 372 378 11 11 11 0 -2
51236 384 378 11 11 11 0 -2
51244 396 378 11 11 11 0 -2
51245 408 378 11 11 11 0 -2
51247 420 378 11 11 11 0 -2
51249 432 378 11 11 11 0 -2
51256 444 378 11 11 11 0 -2
51260 456 378 11 11 11 0 -2
51264 468 378 11 11 11 0 -2
51272 480 378 11 11 11 0 -2
51273 492 378 11 11 11 0 -2
51276 504 378 11 11 11 0 -2
51277 516 378 11 11 11 0 -2
51284 528 378 11 11 11 0 -2
51312 540 378 11 11 11 0 -2
51313 552 378 11 11 11 0 -2
51316 564 378 11 11 11 0 -2
51320 576 378 11 11 11 0 -2
51322 588 378 11 11 11 0 -2
51328 600 378 11 11 11 0 -2
51329 612 378 11 11 11 0 -2
51331 624 378 11 11 11 0 -2
51333 636 378 11 11 11 0 -2
51334 648 378 11 11 11 0 -2
51335 660 378 11 11 11 0 -2
51339 672 378 11 11 11 0 -2
51340 684 378 11 11 11 0 -2
51341 696 378 11 11 11 0 -2
51348 708 378 11 11 11 0 -2
51357 720 378 11 11 11 0 -2
51359 732 378 11 11 11 0 -2
51361 744 378 11 11 11 0 -2
51368 756 378 11 11 11 0 -2
51388 0 392 11 11 11 0 -2
51389 12 392 11 11 11 0 -2
51396 24 392 11 11 11 0 -2
51400 36 392 11 11 11 0 -2
51404 48 392 11 11 11 0 -2
51412 60 392 11 11 11 0 -2
51413 72 392 11 11 11 0 -2
51415 84 392 11 11 11 0 -2
51417 96 392 11 11 11 0 -2
51424 108 392 11 11 11 0 -2
51425 120 392 11 11 11 0 -2
51428 132 392 11 11 11 0 -2
51445 144 392 11 11 11 0 -2
51452 156 392 11 11 11 0 -2
51453 168 392 11 11 11 0 -2
51456 180 392 11 11 11 0 -2
51460 192 392 11 11 11 0 -2
51461 204 392 11 11 11 0 -2
51462 216 392 11 11 11 0 -2
51468 228 392 11 11 11 0 -2
51469 240 392 11 11 11 0 -2
51471 252 392 11 11 11 0 -2
51473 264 392 11 11 11 0 -2
51480 276 392 11 11 11 0 -2
51500 288 392 11 11 11 0 -2
51508 300 392 11 11 11 0 -2
51536 312 392 11 11 11 0 -2
51537 324 392 11 11 11 0 -2
51540 336 392 11 11 11 0 -2
51544 348 392 11 11 11 0 -2
51552 360 392 11 11 11 0 -2
51553 372 392 11 11 11 0 -2
51555 384 392 11 11 11 0 -2
51564 396 392 11 11 11 0 -2
51568 408 392 11 11 11 0 -2
51572 420 392 11 11 11 0 -2
51580 432 392 11 11 11 0 -2
51592 444 392 11 11 11 0 -2
51593 456 392 11 11 11 0 -2
51596 468 392 11 11 11 0 -2
51600 480 392 11 11 11 0 -2
51608 492 392 11 11 11 0 -2
51609 504 392 11 11 11 0 -2
51611 516 392 11 11 11 0 -2
51613 528 392 11 11 11 0 -2
51648 540 392 11 11 11 0 -2
51649 552 392 11 11 11 0 -2
51652 564 392 11 11 11 0 -2
51655 576 392 11 11 11 0 -2
51656 588 392 11 11 11 0 -2
51658 600 392 11 11 11 0 -2
51664 612 392 11 11 11 0 -2
51665 624 392 11 11 11 0 -2
51667 636 392 11 11 11 0 -2
51669 648 392 11 11 11 0 -2
51670 660 392 11 11 11 0 -2
51673 672 392 11 11 11 0 -2
51674 684 392 11 11 11 0 -2
51676 696 392 11 11 11 0 -2
51677 708 392 11 11 11 0 -2
51680 720 392 11 11 11 0 -2
51682 732 392 11 11 11 0 -2
51684 744 392 11 11 11 0 -2
51687 756 392 11 11 11 0 -2
51692 0 406 11 11 11 0 -2
51693 12 406 11 11 11 0 -2
51695 24 406 11 11 11 0 -2
51696 36 406 11 11 11 0 -2
51697 48 406 11 11 11 0 -2
51704 60 406 11 11 11 0 -2
51705 72 406 11 11 11 0 -2
51708 84 406 11 11 11 0 -2
51712 96 406 11 11 11 0 -2
51720 108 406 11 11 11 0 -2
51721 120 406 11 11 11 0 -2
51723 132 406 11 11 11 0 -2
51724 144 406 11 11 11 0 -2
51725 156 406 11 11 11 0 -2
51732 168 406 11 11 11 0 -2
51736 180 406 11 11 11 0 -2
51753 192 406 11 11 11 0 -2
51788 204 406 11 11 11 0 -2
51789 216 406 11 11 11 0 -2
51792 228 406 11 11 11 0 -2
51796 240 406 11 11 11 0 -2
51804 252 406 11 11 11 0 -2
51805 264 406 11 11 11 0 -2
51807 276 406 11 11 11 0 -2
51808 288 406 11 11 11 0 -2
51809 300 406 11 11 11 0 -2
51816 312 406 11 11 11 0 -2
51837 324 406 11 11 11 0 -2
51844 336 406 11 11 11 0 -2
51864 348 406 11 11 11 0 -2
51900 360 406 11 11 11 0 -2
51901 372 406 11 11 11 0 -2
51904 384 406 11 11 11 0 -2
51908 396 406 11 11 11 0 -2
51916 408 406 11 11 11 0 -2
51917 420 406 11 11 11 0 -2
51919 432 406 11 11 11 0 -2
51921 444 406 11 11 11 0 -2
51923 456 406 11 11 11 0 -2
51928 468 406 11 11 11 0 -2
51929 480 406 11 11 11 0 -2
51936 492 406 11 11 11 0 -2
51948 504 406 11 11 11 0 -2
51956 516 406 11 11 11 0 -2
51976 528 406 11 11 11 0 -2
51984 540 406 11 11 11 0 -2
51988 552 406 11 11 11 0 -2
51992 564 406 11 11 11 0 -2
52000 576 406 11 11 11 0 -2
52001 588 406 11 11 11 0 -2
52033 600 406 11 11 11 0 -2
52040 612 406 11 11 11 0 -2
52041 624 406 11 11 11 0 -2
52044 636 406 11 11 11 0 -2
52048 648 406 11 11 11 0 -2
52056 660 406 11 11 11 0 -2
52057 672 406 11 11 11 0 -2
52061 684 406 11 11 11 0 -2
52068 696 406 11 11 11 0 -2
52088 708 406 11 11 11 0 -2
52089 720 406 11 11 11 0 -2
52124 732 406 11 11 11 0 -2
52152 744 406 11 11 11 0 -2
52180 756 406 11 11 11 0 -2
52196 0 420 11 11 11 0 -2
52199 12 420 11 11 11 0 -2
52201 24 420 11 11 11 0 -2
52236 36 420 11 11 11 0 -2
52237 48 420 11 11 11 0 -2
52240 60 420 11 11 11 0 -2
52244 72 420 11 11 11 0 -2
52252 84 420 11 11 11 0 -2
52253 96 420 11 11 11 0 -2
52257 108 420 11 11 11 0 -2
52258 120 420 11 11 11 0 -2
52263 132 420 11 11 11 0 -2
52264 144 420 11 11 11 0 -2
52265 156 420 11 11 11 0 -2
52268 168 420 11 11 11 0 -2
52270 180 420 11 11 11 0 -2
52272 192 420 11 11 11 0 -2
52280 204 420 11 11 11 0 -2
52281 216 420 11 11 11 0 -2
52283 228 420 11 11 11 0 -2
52284 240 420 11 11 11 0 -2
52285 252 420 11 11 11 0 -2
52286 264 420 11 11 11 0 -2
52292 276 420 11 11 11 0 -2
52293 288 420 11 11 11 0 -2
52296 300 420 11 11 11 0 -2
52300 312 420 11 11 11 0 -2
52308 324 420 11 11 11 0 -2
52309 336 420 11 11 11 0 -2
52311 348 420 11 11 11 0 -2
52312 360 420 11 11 11 0 -2
52313 372 420 11 11 11 0 -2
52320 384 420 11 11 11 0 -2
52324 396 420 11 11 11 0 -2
52326 408 420 11 11 11 0 -2
52328 420 420 11 11 11 0 -2
52336 432 420 11 11 11 0 -2
52341 444 420 11 11 11 0 -2
52376 456 420 11 11 11 0 -2
52377 468 420 11 11 11 0 -2
52380 480 420 11 11 11 0 -2
52384 492 420 11 11 11 0 -2
52392 504 420 11 11 11 0 -2
52393 516 420 11 11 11 0 -2
52395 528 420 11 11 11 0 -2
52396 540 420 11 11 11 0 -2
52397 552 420 11 11 11 0 -2
52404 564 420 11 11 11 0 -2
52405 576 420 11 11 11 0 -2
52408 588 420 11 11 11 0 -2
52412 600 420 11 11 11 0 -2
52420 612 420 11 11 11 0 -2
52421 624 420 11 11 11 0 -2
52423 636 420 11 11 11 0 -2
52425 648 420 11 11 11 0 -2
52432 660 420 11 11 11 0 -2
52436 672 420 11 11 11 0 -2
52452 684 420 11 11 11 0 -2
52460 696 420 11 11 11 0 -2
52464 708 420 11 11 11 0 -2
52481 720 420 11 11 11 0 -2
52488 732 420 11 11 11 0 -2
52489 744 420 11 11 11 0 -2
52492 756 420 11 11 11 0 -2
52496 0 434 11 11 11 0 -2
52504 12 434 11 11 11 0 -2
52505 24 434 11 11 11 0 -2
52507 36 434 11 11 11 0 -2
52509 48 434 11 11 11 0 -2
52516 60 434 11 11 11 0 -2
52520 72 434 11 11 11 0 -2
52524 84 434 11 11 11 0 -2
52537 96 434 11 11 11 0 -2
52572 108 434 11 11 11 0 -2
52576 120 434 11 11 11 0 -2
52580 132 434 11 11 11 0 -2
52588 144 434 11 11 11 0 -2
52589 156 434 11 11 11 0 -2
52591 168 434 11 11 11 0 -2
52593 180 434 11 11 11 0 -2
52600 192 434 11 11 11 0 -2
52616 204 434 11 11 11 0 -2
52628 216 434 11 11 11 0 -2
52629 228 434 11 11 11 0 -2
52632 240 434 11 11 11 0 -2
52636 252 434 11 11 11 0 -2
52644 264 434 11 11 11 0 -2
52645 276 434 11 11 11 0 -2
52647 288 434 11 11 11 0 -2
52649 300 434 11 11 11 0 -2
52656 312 434 11 11 11 0 -2
52676 324 434 11 11 11 0 -2
52684 336 434 11 11 11 0 -2
52688 348 434 11 11 11 0 -2
52712 360 434 11 11 11 0 -2
52716 372 434 11 11 11 0 -2
52720 384 434 11 11 11 0 -2
52728 396 434 11 11 11 0 -2
52729 408 434 11 11 11 0 -2
52731 420 434 11 11 11 0 -2
52733 432 434 11 11 11 0 -2
52740 444 434 11 11 11 0 -2
52744 456 434 11 11 11 0 -2
52748 468 434 11 11 11 0 -2
52756 480 434 11 11 11 0 -2
52761 492 434 11 11 11 0 -2
52768 504 434 11 11 11 0 -2
52769 516 434 11 11 11 0 -2
52772 528 434 11 11 11 0 -2
52776 540 434 11 11 11 0 -2
52784 552 434 11 11 11 0 -2
52785 564 434 11 11 11 0 -2
52787 576 434 11 11 11 0 -2
52789 588 434 11 11 11 0 -2
52824 600 434 11 11 11 0 -2
52825 612 434 11 11 11 0 -2
52828 624 434 11 11 11 0 -2
52831 636 434 11 11 11 0 -2
52832 648 434 11 11 11 0 -2
52833 660 434 11 11 11 0 -2
52840 672 434 11 11 11 0 -2
52841 684 434 11 11 11 0 -2
52843 696 434 11 11 11 0 -2
52845 708 434 11 11 11 0 -2
52852 720 434 11 11 11 0 -2
52853 732 434 11 11 11 0 -2
52856 744 434 11 11 11 0 -2
52860 756 434 11 11 11 0 -2
52868 0 448 11 11 11 0 -2
52869 12 448 11 11 11 0 -2
52871 24 448 11 11 11 0 -2
52873 36 448 11 11 11 0 -2
52880 48 448 11 11 11 0 -2
52881 60 448 11 11 11 0 -2
52884 72 448 11 11 11 0 -2
52888 84 448 11 11 11 0 -2
52896 96 448 11 11 11 0 -2
52897 108 448 11 11 11 0 -2
52899 120 448 11 11 11 0 -2
52900 132 448 11 11 11 0 -2
52901 144 448 11 11 11 0 -2
52908 156 448 11 11 11 0 -2
52909 168 448 11 11 11 0 -2
52929 180 448 11 11 11 0 -2
52964 192 448 11 11 11 0 -2
52965 204 448 11 11 11 0 -2
52968 216 448 11 11 11 0 -2
52971 228 448 11 11 11 0 -2
52972 240 448 11 11 11 0 -2
52980 252 448 11 11 11 0 -2
52981 264 448 11 11 11 0 -2
52983 276 448 11 11 11 0 -2
52984 288 448 11 11 11 0 -2
52985 300 448 11 11 11 0 -2
52992 312 448 11 11 11 0 -2
52993 324 448 11 11 11 0 -2
52996 336 448 11 11 11 0 -2
53000 348 448 11 11 11 0 -2
53008 360 448 11 11 11 0 -2
53009 372 448 11 11 11 0 -2
53011 384 448 11 11 11 0 -2
53013 396 448 11 11 11 0 -2
53020 408 448 11 11 11 0 -2
53024 420 448 11 11 11 0 -2
53028 432 448 11 11 11 0 -2
53036 444 448 11 11 11 0 -2
53037 456 448 11 11 11 0 -2
53039 468 448 11 11 11 0 -2
53040 480 448 11 11 11 0 -2
53041 492 448 11 11 11 0 -2
53048 504 448 11 11 11 0 -2
53076 516 448 11 11 11 0 -2
53077 528 448 11 11 11 0 -2
53080 540 448 11 11 11 0 -2
53084 552 448 11 11 11 0 -2
53092 564 448 11 11 11 0 -2
53093 576 448 11 11 11 0 -2
53095 588 448 11 11 11 0 -2
53097 600 448 11 11 11 0 -2
53104 612 448 11 11 11 0 -2
53105 624 448 11 11 11 0 -2
53108 636 448 11 11 11 0 -2
53112 648 448 11 11 11 0 -2
53120 660 448 11 11 11 0 -2
53125 672 448 11 11 11 0 -2
53132 684 448 11 11 11 0 -2
53153 696 448 11 11 11 0 -2
53160 708 448 11 11 11 0 -2
53168 720 448 11 11 11 0 -2
53188 732 448 11 11 11 0 -2
53216 744 448 11 11 11 0 -2
53217 756 448 11 11 11 0 -2
53220 0 462 11 11 11 0 -2
53224 12 462 11 11 11 0 -2
53232 24 462 11 11 11 0 -2
53233 36 462 11 11 11 0 -2
53235 48 462 11 11 11 0 -2
53237 60 462 11 11 11 0 -2
53244 72 462 11 11 11 0 -2
53248 84 462 11 11 11 0 -2
53252 96 462 11 11 11 0 -2
53265 108 462 11 11 11 0 -2
53272 120 462 11 11 11 0 -2
53293 132 462 11 11 11 0 -2
53300 144 462 11 11 11 0 -2
53301 156 462 11 11 11 0 -2
53304 168 462 11 11 11 0 -2
53308 180 462 11 11 11 0 -2
53316 192 462 11 11 11 0 -2
53317 204 462 11 11 11 0 -2
53319 216 462 11 11 11 0 -2
53321 228 462 11 11 11 0 -2
53328 240 462 11 11 11 0 -2
53332 252 462 11 11 11 0 -2
53336 264 462 11 11 11 0 -2
53344 276 462 11 11 11 0 -2
53356 288 462 11 11 11 0 -2
53357 300 462 11 11 11 0 -2
53360 312 462 11 11 11 0 -2
53364 324 462 11 11 11 0 -2
53372 336 462 11 11 11 0 -2
53373 348 462 11 11 11 0 -2
53377 360 462 11 11 11 0 -2
53412 372 462 11 11 11 0 -2
53413 384 462 11 11 11 0 -2
53416 396 462 11 11 11 0 -2
53420 408 462 11 11 11 0 -2
53428 420 462 11 11 11 0 -2
53429 432 462 11 11 11 0 -2
53431 444 462 11 11 11 0 -2
53433 456 462 11 11 11 0 -2
53440 468 462 11 11 11 0 -2
53441 480 462 11 11 11 0 -2
53444 492 462 11 11 11 0 -2
53448 504 462 11 11 11 0 -2
53449 516 462 11 11 11 0 -2
53456 528 462 11 11 11 0 -2
53457 540 462 11 11 11 0 -2
53459 552 462 11 11 11 0 -2
53460 564 462 11 11 11 0 -2
53461 576 462 11 11 11 0 -2
53468 588 462 11 11 11 0 -2
53469 600 462 11 11 11 0 -2
53472 612 462 11 11 11 0 -2
53476 624 462 11 11 11 0 -2
53484 636 462 11 11 11 0 -2
53485 648 462 11 11 11 0 -2
53487 660 462 11 11 11 0 -2
53488 672 462 11 11 11 0 -2
53489 684 462 11 11 11 0 -2
53496 696 462 11 11 11 0 -2
53517 708 462 11 11 11 0 -2
53552 720 462 11 11 11 0 -2
53553 732 462 11 11 11 0 -2
53556 744 462 11 11 11 0 -2
53560 756 462 11 11 11 0 -2
53562 0 476 11 11 11 0 -2
53568 12 476 11 11 11 0 -2
53569 24 476 11 11 11 0 -2
53571 36 476 11 11 11 0 -2
53572 48 476 11 11 11 0 -2
53573 60 476 11 11 11 0 -2
53580 72 476 11 11 11 0 -2
53581 84 476 11 11 11 0 -2
53584 96 476 11 11 11 0 -2
53588 108 476 11 11 11 0 -2
53596 120 476 11 11 11 0 -2
53597 132 476 11 11 11 0 -2
53599 144 476 11 11 11 0 -2
53601 156 476 11 11 11 0 -2
53608 168 476 11 11 11 0 -2
53612 180 476 11 11 11 0 -2
53628 192 476 11 11 11 0 -2
53636 204 476 11 11 11 0 -2
53640 216 476 11 11 11 0 -2
53664 228 476 11 11 11 0 -2
53665 240 476 11 11 11 0 -2
53668 252 476 11 11 11 0 -2
53672 264 476 11 11 11 0 -2
53680 276 476 11 11 11 0 -2
53681 288 476 11 11 11 0 -2
53683 300 476 11 11 11 0 -2
53685 312 476 11 11 11 0 -2
53690 324 476 11 11 11 0 -2
53692 336 476 11 11 11 0 -2
53696 348 476 11 11 11 0 -2
53720 360 476 11 11 11 0 -2
53748 372 476 11 11 11 0 -2
53752 384 476 11 11 11 0 -2
53767 396 476 11 11 11 0 -2
53769 408 476 11 11 11 0 -2
53776 420 476 11 11 11 0 -2
53804 432 476 11 11 11 0 -2
53805 444 476 11 11 11 0 -2
53808 456 476 11 11 11 0 -2
53812 468 476 11 11 11 0 -2
53820 480 476 11 11 11 0 -2
53821 492 476 11 11 11 0 -2
53823 504 476 11 11 11 0 -2
53825 516 476 11 11 11 0 -2
53832 528 476 11 11 11 0 -2
53852 540 476 11 11 11 0 -2
53860 552 476 11 11 11 0 -2
53888 564 476 11 11 11 0 -2
53889 576 476 11 11 11 0 -2
53892 588 476 11 11 11 0 -2
53896 600 476 11 11 11 0 -2
53904 612 476 11 11 11 0 -2
53905 624 476 11 11 11 0 -2
53909 636 476 11 11 11 0 -2
53916 648 476 11 11 11 0 -2
53920 660 476 11 11 11 0 -2
53924 672 476 11 11 11 0 -2
53932 684 476 11 11 11 0 -2
53937 696 476 11 11 11 0 -2
53944 708 476 11 11 11 0 -2
53945 720 476 11 11 11 0 -2
53948 732 476 11 11 11 0 -2
53951 744 476 11 11 11 0 -2
53952 756 476 11 11 11 0 -2
53954 0 490 11 11 11 0 -2
53960 12 490 11 11 11 0 -2
53961 24 490 11 11 11 0 -2
53963 36 490 11 11 11 0 -2
53972 48 490 11 11 11 0 -2
53976 60 490 11 11 11 0 -2
53980 72 490 11 11 11 0 -2
53988 84 490 11 11 11 0 -2
53989 96 490 11 11 11 0 -2
54000 108 490 11 11 11 0 -2
54001 120 490 11 11 11 0 -2
54004 132 490 11 11 11 0 -2
54008 144 490 11 11 11 0 -2
54016 156 490 11 11 11 0 -2
54017 168 490 11 11 11 0 -2
54019 180 490 11 11 11 0 -2
54021 192 490 11 11 11 0 -2
54028 204 490 11 11 11 0 -2
54029 216 490 11 11 11 0 -2
54030 228 490 11 11 11 0 -2
54032 240 490 11 11 11 0 -2
54036 252 490 11 11 11 0 -2
54038 264 490 11 11 11 0 -2
54044 276 490 11 11 11 0 -2
54045 288 490 11 11 11 0 -2
54047 300 490 11 11 11 0 -2
54048 312 490 11 11 11 0 -2
54049 324 490 11 11 11 0 -2
54053 336 490 11 11 11 0 -2
54056 348 490 11 11 11 0 -2
54057 360 490 11 11 11 0 -2
54060 372 490 11 11 11 0 -2
54064 384 490 11 11 11 0 -2
54072 396 490 11 11 11 0 -2
54073 408 490 11 11 11 0 -2
54075 420 490 11 11 11 0 -2
54076 432 490 11 11 11 0 -2
54077 444 490 11 11 11 0 -2
54084 456 490 11 11 11 0 -2
54085 468 490 11 11 11 0 -2
54140 480 490 11 11 11 0 -2
54141 492 490 11 11 11 0 -2
54144 504 490 11 11 11 0 -2
54148 516 490 11 11 11 0 -2
54156 528 490 11 11 11 0 -2
54157 540 490 11 11 11 0 -2
54159 552 490 11 11 11 0 -2
54160 564 490 11 11 11 0 -2
54161 576 490 11 11 11 0 -2
54168 588 490 11 11 11 0 -2
54169 600 490 11 11 11 0 -2
54172 612 490 11 11 11 0 -2
54176 624 490 11 11 11 0 -2
54184 636 490 11 11 11 0 -2
54185 648 490 11 11 11 0 -2
54187 660 490 11 11 11 0 -2
54189 672 490 11 11 11 0 -2
54196 684 490 11 11 11 0 -2
54200 696 490 11 11 11 0 -2
54204 708 490 11 11 11 0 -2
54212 720 490 11 11 11 0 -2
54213 732 490 11 11 11 0 -2
54216 744 490 11 11 11 0 -2
54217 756 490 11 11 11 0 -2
54224 0 504 11 11 11 0 -2
54232 12 504 11 11 11 0 -2
54241 24 504 11 11 11 0 -2
54243 36 504 11 11 11 0 -2
54252 48 504 11 11 11 0 -2
54253 60 504 11 11 11 0 -2
54256 72 504 11 11 11 0 -2
54260 84 504 11 11 11 0 -2
54268 96 504 11 11 11 0 -2
54269 108 504 11 11 11 0 -2
54271 120 504 11 11 11 0 -2
54273 132 504 11 11 11 0 -2
54280 144 504 11 11 11 0 -2
54301 156 504 11 11 11 0 -2
54336 168 504 11 11 11 0 -2
54340 180 504 11 11 11 0 -2
54364 192 504 11 11 11 0 -2
54368 204 504 11 11 11 0 -2
54372 216 504 11 11 11 0 -2
54381 228 504 11 11 11 0 -2
54383 240 504 11 11 11 0 -2
54392 252 504 11 11 11 0 -2
54393 264 504 11 11 11 0 -2
54396 276 504 11 11 11 0 -2
54399 288 504 11 11 11 0 -2
54400 300 504 11 11 11 0 -2
54402 312 504 11 11 11 0 -2
54408 324 504 11 11 11 0 -2
54409 336 504 11 11 11 0 -2
54411 348 504 11 11 11 0 -2
54413 360 504 11 11 11 0 -2
54420 372 504 11 11 11 0 -2
54441 384 504 11 11 11 0 -2
54476 396 504 11 11 11 0 -2
54480 408 504 11 11 11 0 -2
54484 420 504 11 11 11 0 -2
54492 432 504 11 11 11 0 -2
54495 444 504 11 11 11 0 -2
54504 456 504 11 11 11 0 -2
54508 468 504 11 11 11 0 -2
54512 480 504 11 11 11 0 -2
54520 492 504 11 11 11 0 -2
54523 504 504 11 11 11 0 -2
54525 516 504 11 11 11 0 -2
54532 528 504 11 11 11 0 -2
54536 540 504 11 11 11 0 -2
54540 552 504 11 11 11 0 -2
54548 564 504 11 11 11 0 -2
54549 576 504 11 11 11 0 -2
54551 588 504 11 11 11 0 -2
54588 600 504 11 11 11 0 -2
54589 612 504 11 11 11 0 -2
54592 624 504 11 11 11 0 -2
54596 636 504 11 11 11 0 -2
54604 648 504 11 11 11 0 -2
54605 660 504 11 11 11 0 -2
54607 672 504 11 11 11 0 -2
54609 684 504 11 11 11 0 -2
54616 696 504 11 11 11 0 -2
54617 708 504 11 11 11 0 -2
54620 720 504 11 11 11 0 -2
54624 732 504 11 11 11 0 -2
54629 744 504 11 11 11 0 -2
54632 756 504 11 11 11 0 -2
54633 0 518 11 11 11 0 -2
54635 12 518 11 11 11 0 -2
54637 24 518 11 11 11 0 -2
54644 36 518 11 11 11 0 -2
54645 48 518 11 11 11 0 -2
54648 60 518 11 11 11 0 -2
54652 72 518 11 11 11 0 -2
54660 84 518 11 11 11 0 -2
54661 96 518 11 11 11 0 -2
54663 108 518 11 11 11 0 -2
54664 120 518 11 11 11 0 -2
54665 132 518 11 11 11 0 -2
54672 144 518 11 11 11 0 -2
54693 156 518 11 11 11 0 -2
54728 168 518 11 11 11 0 -2
54729 180 518 11 11 11 0 -2
54732 192 518 11 11 11 0 -2
54736 204 518 11 11 11 0 -2
54738 216 518 11 11 11 0 -2
54744 228 518 11 11 11 0 -2
54745 240 518 11 11 11 0 -2
54747 252 518 11 11 11 0 -2
54749 264 518 11 11 11 0 -2
54756 276 518 11 11 11 0 -2
54757 288 518 11 11 11 0 -2
54760 300 518 11 11 11 0 -2
54764 312 518 11 11 11 0 -2
54772 324 518 11 11 11 0 -2
54773 336 518 11 11 11 0 -2
54775 348 518 11 11 11 0 -2
54777 360 518 11 11 11 0 -2
54784 372 518 11 11 11 0 -2
54785 384 518 11 11 11 0 -2
54788 396 518 11 11 11 0 -2
54792 408 518 11 11 11 0 -2
54800 420 518 11 11 11 0 -2
54801 432 518 11 11 11 0 -2
54803 444 518 11 11 11 0 -2
54804 456 518 11 11 11 0 -2
54805 468 518 11 11 11 0 -2
54812 480 518 11 11 11 0 -2
54816 492 518 11 11 11 0 -2
54820 504 518 11 11 11 0 -2
54829 516 518 11 11 11 0 -2
54840 528 518 11 11 11 0 -2
54841 540 518 11 11 11 0 -2
54844 552 518 11 11 11 0 -2
54848 564 518 11 11 11 0 -2
54853 576 518 11 11 11 0 -2
54856 588 518 11 11 11 0 -2
54857 600 518 11 11 11 0 -2
54859 612 518 11 11 11 0 -2
54861 624 518 11 11 11 0 -2
54865 636 518 11 11 11 0 -2
54868 648 518 11 11 11 0 -2
54869 660 518 11 11 11 0 -2
54872 672 518 11 11 11 0 -2
54876 684 518 11 11 11 0 -2
54887 696 518 11 11 11 0 -2
54889 708 518 11 11 11 0 -2
54896 720 518 11 11 11 0 -2
54897 732 518 11 11 11 0 -2
54900 744 518 11 11 11 0 -2
54915 756 518 11 11 11 0 -2
54917 0 532 11 11 11 0 -2
54924 12 532 11 11 11 0 -2
54925 24 532 11 11 11 0 -2
54928 36 532 11 11 11 0 -2
54932 48 532 11 11 11 0 -2
54941 60 532 11 11 11 0 -2
54943 72 532 11 11 11 0 -2
54945 84 532 11 11 11 0 -2
54952 96 532 11 11 11 0 -2
54956 108 532 11 11 11 0 -2
54960 120 532 11 11 11 0 -2
54969 132 532 11 11 11 0 -2
54971 144 532 11 11 11 0 -2
54980 156 532 11 11 11 0 -2
54981 168 532 11 11 11 0 -2
54984 180 532 11 11 11 0 -2
54988 192 532 11 11 11 0 -2
54993 204 532 11 11 11 0 -2
54996 216 532 11 11 11 0 -2
54999 228 532 11 11 11 0 -2
55001 240 532 11 11 11 0 -2
55008 252 532 11 11 11 0 -2
55012 264 532 11 11 11 0 -2
55016 276 532 11 11 11 0 -2
55024 288 532 11 11 11 0 -2
55029 300 532 11 11 11 0 -2
55036 312 532 11 11 11 0 -2
55037 324 532 11 11 11 0 -2
55040 336 532 11 11 11 0 -2
55044 348 532 11 11 11 0 -2
55057 360 532 11 11 11 0 -2
55064 372 532 11 11 11 0 -2
55065 384 532 11 11 11 0 -2
55068 396 532 11 11 11 0 -2
55072 408 532 11 11 11 0 -2
55080 420 532 11 11 11 0 -2
55081 432 532 11 11 11 0 -2
55083 444 532 11 11 11 0 -2
55085 456 532 11 11 11 0 -2
55092 468 532 11 11 11 0 -2
55093 480 532 11 11 11 0 -2
55096 492 532 11 11 11 0 -2
55100 504 532 11 11 11 0 -2
55108 516 532 11 11 11 0 -2
55111 528 532 11 11 11 0 -2
55113 540 532 11 11 11 0 -2
55120 552 532 11 11 11 0 -2
55121 564 532 11 11 11 0 -2
55124 576 532 11 11 11 0 -2
55126 588 532 11 11 11 0 -2
55127 600 532 11 11 11 0 -2
55128 612 532 11 11 11 0 -2
55129 624 532 11 11 11 0 -2
55136 636 532 11 11 11 0 -2
55137 648 532 11 11 11 0 -2
55139 660 532 11 11 11 0 -2
55141 672 532 11 11 11 0 -2
55145 684 532 11 11 11 0 -2
55148 696 532 11 11 11 0 -2
55152 708 532 11 11 11 0 -2
55156 720 532 11 11 11 0 -2
55164 732 532 11 11 11 0 -2
55165 744 532 11 11 11 0 -2
55169 756 532 11 11 11 0 -2
55176 0 546 11 11 11 0 -2
55177 12 546 11 11 11 0 -2
55180 24 546 11 11 11 0 -2
55184 36 546 11 11 11 0 -2
55192 48 546 11 11 11 0 -2
55193 60 546 11 11 11 0 -2
55195 72 546 11 11 11 0 -2
55197 84 546 11 11 11 0 -2
12593 96 546 11 11 11 0 -2
12594 108 546 11 11 11 0 -2
12596 120 546 11 11 11 0 -2
12599 132 546 11 11 11 0 -2
12600 144 546 11 11 11 0 -2
12601 156 546 11 11 11 0 -2
12609 168 546 11 11 11 0 -2
12610 180 546 11 11 11 0 -2
12611 192 546 11 11 11 0 -2
12613 204 546 11 11 11 0 -2
12614 216 546 11 11 11 0 -2
12615 228 546 11 11 11 0 -2
12616 240 546 11 11 11 0 -2
12617 252 546 11 11 11 0 -2
12618 264 546 11 11 11 0 -2
12619 276 546 11 11 11 0 -2
12620 288 546 11 11 11 0 -2
12621 300 546 11 11 11 0 -2
12622 312 546 11 11 11 0 -2
12623 324 546 11 11 11 0 -2
12624 336 546 11 11 11 0 -2
12625 348 546 11 11 11 0 -2
12626 360 546 11 11 11 0 -2
12627 372 546 11 11 11 0 -2
12628 384 546 11 11 11 0 -2
12629 396 546 11 11 11 0 -2
12630 408 546 11 11 11 0 -2
12631 420 546 11 11 11 0 -2
12635 432 546 11 11 11 0 -2
12636 444 546 11 11 11 0 -2
12640 456 546 11 11 11 0 -2
12641 468 546 11 11 11 0 -2
12643 480 546 11 11 11 0 -2
